%%MatrixMarket matrix coordinate real general
%-------------------------------------------------------------------------------
% UF Sparse Matrix Collection, Tim Davis
% http://www.cise.ufl.edu/research/sparse/matrices/Okunbor/aft01
% name: Okunbor/aft01
% [Acoustic Radiation around aft duct fan. D. Okunbor, Univ Missouri-Rolla]
% id: 791
% date: 2001
% author: W. Eversman, D. Okunbor
% ed: T. Davis
% fields: title A name id date author ed kind
% kind: acoustics problem
%-------------------------------------------------------------------------------
8205 8205 125567
1 1 1.12812000000000e+00
2 1 -8.81832000000000e-01
3 1 5.08760000000000e-01
42 1 -7.34893000000000e-01
43 1 -4.73354000000000e-01
63 1 4.91149000000000e-01
64 1 -5.28350000000000e-01
65 1 4.90400000000000e-01
1 2 -8.81832000000000e-01
2 2 2.38856000000000e+00
3 2 -9.14813000000000e-01
42 2 -2.21597000000000e-02
43 2 4.22513000000000e-02
63 2 -5.48880000000000e-01
64 2 4.60268000000000e-01
65 2 -5.23392000000000e-01
1 3 5.08760000000000e-01
2 3 -9.14813000000000e-01
3 3 2.25610000000000e+00
4 3 -8.70415000000000e-01
5 3 4.98718000000000e-01
42 3 -4.87966000000000e-01
43 3 -1.43286000000000e+00
44 3 -4.48963000000000e-01
63 3 5.21758000000000e-01
64 3 -5.38733000000000e-01
65 3 9.56769000000000e-01
66 3 -5.18370000000000e-01
67 3 4.70022000000000e-01
3 4 -8.70415000000000e-01
4 4 2.35691000000000e+00
5 4 -9.21837000000000e-01
43 4 -4.19687000000000e-02
44 4 6.03529000000000e-02
65 4 -5.47924000000000e-01
66 4 4.78754000000000e-01
67 4 -5.13872000000000e-01
3 5 4.98718000000000e-01
4 5 -9.21837000000000e-01
5 5 2.20208000000000e+00
6 5 -8.59023000000000e-01
7 5 4.88834000000000e-01
43 5 -4.72762000000000e-01
44 5 -1.35955000000000e+00
45 5 -4.25978000000000e-01
65 5 5.17409000000000e-01
66 5 -5.38514000000000e-01
67 5 9.28454000000000e-01
68 5 -5.08594000000000e-01
69 5 4.50758000000000e-01
5 6 -8.59023000000000e-01
6 6 2.32483000000000e+00
7 6 -9.27046000000000e-01
44 6 -5.99162000000000e-02
45 6 7.67028000000000e-02
67 6 -5.46268000000000e-01
68 6 4.95245000000000e-01
69 6 -5.04521000000000e-01
5 7 4.88834000000000e-01
6 7 -9.27046000000000e-01
7 7 2.14935000000000e+00
8 7 -8.47514000000000e-01
9 7 4.79040000000000e-01
44 7 -4.58028000000000e-01
45 7 -1.29002000000000e+00
46 7 -4.04268000000000e-01
67 7 5.12595000000000e-01
68 7 -5.37557000000000e-01
69 7 9.01073000000000e-01
70 7 -4.98932000000000e-01
71 7 4.32477000000000e-01
7 8 -8.47514000000000e-01
8 8 2.29204000000000e+00
9 8 -9.30435000000000e-01
45 8 -7.61394000000000e-02
46 8 9.14248000000000e-02
69 8 -5.43893000000000e-01
70 8 5.09765000000000e-01
71 8 -4.95253000000000e-01
7 9 4.79040000000000e-01
8 9 -9.30435000000000e-01
9 9 2.09759000000000e+00
10 9 -8.35763000000000e-01
11 9 4.69277000000000e-01
45 9 -4.43703000000000e-01
46 9 -1.22398000000000e+00
47 9 -3.83719000000000e-01
69 9 5.07298000000000e-01
70 9 -5.35846000000000e-01
71 9 8.74483000000000e-01
72 9 -4.89311000000000e-01
73 9 4.15065000000000e-01
9 10 -8.35763000000000e-01
10 10 2.25833000000000e+00
11 10 -9.31997000000000e-01
46 10 -9.07573000000000e-02
47 10 1.04628000000000e-01
71 10 -5.40779000000000e-01
72 10 5.22338000000000e-01
73 10 -4.85997000000000e-01
9 11 4.69277000000000e-01
10 11 -9.31997000000000e-01
11 11 2.04655000000000e+00
12 11 -8.23664000000000e-01
13 11 4.59492000000000e-01
46 11 -4.29734000000000e-01
47 11 -1.16115000000000e+00
48 11 -3.64229000000000e-01
71 11 5.01507000000000e-01
72 11 -5.33365000000000e-01
73 11 8.48555000000000e-01
74 11 -4.79662000000000e-01
75 11 3.98422000000000e-01
11 12 -8.23664000000000e-01
12 12 2.22348000000000e+00
13 12 -9.31732000000000e-01
47 12 -1.03877000000000e-01
48 12 1.16410000000000e-01
73 12 -5.36912000000000e-01
74 12 5.32987000000000e-01
75 12 -4.76687000000000e-01
11 13 4.59492000000000e-01
12 13 -9.31732000000000e-01
13 13 1.99598000000000e+00
14 13 -8.11125000000000e-01
15 13 4.49638000000000e-01
47 13 -4.16074000000000e-01
48 13 -1.10128000000000e+00
49 13 -3.45705000000000e-01
73 13 4.95211000000000e-01
74 13 -5.30101000000000e-01
75 13 8.23176000000000e-01
76 13 -4.69930000000000e-01
77 13 3.82457000000000e-01
13 14 -8.11125000000000e-01
14 14 2.18731000000000e+00
15 14 -9.29640000000000e-01
48 14 -1.15593000000000e-01
49 14 1.26856000000000e-01
75 14 -5.32280000000000e-01
76 14 5.41738000000000e-01
77 14 -4.67268000000000e-01
13 15 4.49638000000000e-01
14 15 -9.29640000000000e-01
15 15 1.94566000000000e+00
16 15 -7.98061000000000e-01
17 15 4.39676000000000e-01
48 15 -4.02679000000000e-01
49 15 -1.04416000000000e+00
50 15 -3.28067000000000e-01
75 15 4.88400000000000e-01
76 15 -5.26044000000000e-01
77 15 7.98242000000000e-01
78 15 -4.60061000000000e-01
79 15 3.67090000000000e-01
15 16 -7.98061000000000e-01
16 16 2.14968000000000e+00
17 16 -9.25724000000000e-01
49 16 -1.25990000000000e-01
50 16 1.36046000000000e-01
77 16 -5.26872000000000e-01
78 16 5.48613000000000e-01
79 16 -4.57691000000000e-01
15 17 4.39676000000000e-01
16 17 -9.25724000000000e-01
17 17 1.89542000000000e+00
18 17 -7.84405000000000e-01
19 17 4.29569000000000e-01
49 17 -3.89510000000000e-01
50 17 -9.89569000000000e-01
51 17 -3.11241000000000e-01
77 17 4.81065000000000e-01
78 17 -5.21187000000000e-01
79 17 7.73665000000000e-01
80 17 -4.50012000000000e-01
81 17 3.52251000000000e-01
17 18 -7.84405000000000e-01
18 18 2.11044000000000e+00
19 18 -9.19985000000000e-01
50 18 -1.35143000000000e-01
51 18 1.44046000000000e-01
79 18 -5.20680000000000e-01
80 18 5.53638000000000e-01
81 18 -4.47914000000000e-01
17 19 4.29569000000000e-01
18 19 -9.19985000000000e-01
19 19 1.84508000000000e+00
20 19 -7.70092000000000e-01
21 19 4.19285000000000e-01
50 19 -3.76531000000000e-01
51 19 -9.37339000000000e-01
52 19 -2.95160000000000e-01
79 19 4.73198000000000e-01
80 19 -5.15522000000000e-01
81 19 7.49362000000000e-01
82 19 -4.39744000000000e-01
83 19 3.37876000000000e-01
19 20 -7.70092000000000e-01
20 20 2.06948000000000e+00
21 20 -9.12429000000000e-01
51 20 -1.43119000000000e-01
52 20 1.50919000000000e-01
81 20 -5.13697000000000e-01
82 20 5.56837000000000e-01
83 20 -4.37898000000000e-01
19 21 4.19285000000000e-01
20 21 -9.12429000000000e-01
21 21 1.79450000000000e+00
22 21 -7.55070000000000e-01
23 21 4.08795000000000e-01
51 21 -3.63711000000000e-01
52 21 -8.87297000000000e-01
53 21 -2.79764000000000e-01
81 21 4.64793000000000e-01
82 21 -5.09044000000000e-01
83 21 7.25260000000000e-01
84 21 -4.29222000000000e-01
85 21 3.23908000000000e-01
21 22 -7.55070000000000e-01
22 22 2.02669000000000e+00
23 22 -9.03062000000000e-01
52 22 -1.49978000000000e-01
53 22 1.56719000000000e-01
83 22 -5.05918000000000e-01
84 22 5.58232000000000e-01
85 22 -4.27610000000000e-01
21 23 4.08795000000000e-01
22 23 -9.03062000000000e-01
23 23 1.74353000000000e+00
24 23 -7.39292000000000e-01
25 23 3.98074000000000e-01
52 23 -3.51020000000000e-01
53 23 -8.39295000000000e-01
54 23 -2.65000000000000e-01
83 23 4.55844000000000e-01
84 23 -5.01750000000000e-01
85 23 7.01294000000000e-01
86 23 -4.18416000000000e-01
87 23 3.10298000000000e-01
23 24 -7.39292000000000e-01
24 24 1.98197000000000e+00
25 24 -8.91888000000000e-01
53 24 -1.55774000000000e-01
54 24 1.61496000000000e-01
85 24 -4.97337000000000e-01
86 24 5.57847000000000e-01
87 24 -4.17021000000000e-01
23 25 3.98074000000000e-01
24 25 -8.91888000000000e-01
25 25 1.69206000000000e+00
26 25 -7.22716000000000e-01
27 25 3.87099000000000e-01
53 25 -3.38430000000000e-01
54 25 -7.93191000000000e-01
55 25 -2.50817000000000e-01
85 25 4.46344000000000e-01
86 25 -4.93634000000000e-01
87 25 6.77404000000000e-01
88 25 -4.07300000000000e-01
89 25 2.96998000000000e-01
25 26 -7.22716000000000e-01
26 26 1.93525000000000e+00
27 26 -8.78914000000000e-01
54 26 -1.60555000000000e-01
55 26 1.65292000000000e-01
87 26 -4.87951000000000e-01
88 26 5.55705000000000e-01
89 26 -4.06106000000000e-01
25 27 3.87099000000000e-01
26 27 -8.78914000000000e-01
27 27 1.63997000000000e+00
28 27 -7.05307000000000e-01
29 27 3.75850000000000e-01
54 27 -3.25917000000000e-01
55 27 -7.48859000000000e-01
56 27 -2.37172000000000e-01
87 27 4.36289000000000e-01
88 27 -4.84696000000000e-01
89 27 6.53536000000000e-01
90 27 -3.95848000000000e-01
91 27 2.83969000000000e-01
27 28 -7.05307000000000e-01
28 28 1.88644000000000e+00
29 28 -8.64146000000000e-01
55 28 -1.64363000000000e-01
56 28 1.68147000000000e-01
89 28 -4.77756000000000e-01
90 28 5.51827000000000e-01
91 28 -3.94842000000000e-01
27 29 3.75850000000000e-01
28 29 -8.64146000000000e-01
29 29 1.58717000000000e+00
30 29 -6.87035000000000e-01
31 29 3.64308000000000e-01
55 29 -3.13457000000000e-01
56 29 -7.06182000000000e-01
57 29 -2.24024000000000e-01
89 29 4.25672000000000e-01
90 29 -4.74933000000000e-01
91 29 6.29642000000000e-01
92 29 -3.84042000000000e-01
93 29 2.71175000000000e-01
29 30 -6.87035000000000e-01
30 30 1.83549000000000e+00
31 30 -8.47590000000000e-01
56 30 -1.67236000000000e-01
57 30 1.70094000000000e-01
91 30 -4.66750000000000e-01
92 30 5.46235000000000e-01
93 30 -3.83209000000000e-01
29 31 3.64308000000000e-01
30 31 -8.47590000000000e-01
31 31 1.49304000000000e+00
32 31 -5.03133000000000e-01
33 31 3.17054000000000e-01
56 31 -3.01029000000000e-01
57 31 -7.71988000000000e-01
58 31 -2.45467000000000e-01
91 31 4.14490000000000e-01
92 31 -4.64343000000000e-01
93 31 6.05639000000000e-01
94 31 -3.01247000000000e-01
95 31 2.40268000000000e-01
31 32 -5.03133000000000e-01
32 32 1.52266000000000e+00
33 32 -6.65407000000000e-01
57 32 -1.69124000000000e-01
58 32 1.71433000000000e-01
93 32 -3.84493000000000e-01
94 32 3.27916000000000e-01
95 32 -2.99849000000000e-01
31 33 3.17054000000000e-01
32 33 -6.65407000000000e-01
33 33 1.38704000000000e+00
34 33 -2.96025000000000e-01
35 33 2.76916000000000e-01
57 33 -3.22753000000000e-01
58 33 -1.00973000000000e+00
59 33 -2.97805000000000e-01
93 33 3.84470000000000e-01
94 33 -3.81466000000000e-01
95 33 5.99780000000000e-01
96 33 -2.15320000000000e-01
97 33 2.23238000000000e-01
33 34 -2.96025000000000e-01
34 34 1.21218000000000e+00
35 34 -4.59920000000000e-01
58 34 -1.70232000000000e-01
59 34 1.71179000000000e-01
95 34 -2.98427000000000e-01
96 34 5.32835000000000e-02
97 34 -2.12040000000000e-01
33 35 2.76916000000000e-01
34 35 -4.59920000000000e-01
35 35 1.30413000000000e+00
36 35 -2.19716000000000e-01
37 35 2.52389000000000e-01
58 35 -3.74626000000000e-01
59 35 -1.17337000000000e+00
60 35 -2.98248000000000e-01
95 35 3.67155000000000e-01
96 35 -2.93493000000000e-01
97 35 5.92491000000000e-01
98 35 -1.79830000000000e-01
99 35 2.06116000000000e-01
35 36 -2.19716000000000e-01
36 36 1.06856000000000e+00
37 36 -3.81523000000000e-01
59 36 -1.69752000000000e-01
60 36 1.67674000000000e-01
97 36 -2.61133000000000e-01
98 36 -2.86778000000000e-02
99 36 -1.75436000000000e-01
35 37 2.52389000000000e-01
36 37 -3.81523000000000e-01
37 37 1.23825000000000e+00
38 37 -1.23232000000000e-01
39 37 2.28695000000000e-01
59 37 -3.73173000000000e-01
60 37 -1.25160000000000e+00
61 37 -3.15815000000000e-01
97 37 3.47439000000000e-01
98 37 -2.55741000000000e-01
99 37 5.78479000000000e-01
100 37 -1.40038000000000e-01
101 37 1.95867000000000e-01
37 38 -1.23232000000000e-01
38 38 9.10331000000000e-01
39 38 -2.80259000000000e-01
60 38 -1.66215000000000e-01
61 38 1.59024000000000e-01
99 38 -2.17223000000000e-01
100 38 -1.49784000000000e-01
101 38 -1.32642000000000e-01
37 39 2.28695000000000e-01
38 39 -2.80259000000000e-01
39 39 1.10881000000000e+00
40 39 -1.06854000000000e-01
41 39 1.93043000000000e-01
60 39 -3.86646000000000e-01
61 39 -1.18437000000000e+00
62 39 -2.58990000000000e-01
99 39 3.30906000000000e-01
100 39 -2.09914000000000e-01
101 39 5.25299000000000e-01
102 39 -1.19248000000000e-01
103 39 1.59525000000000e-01
39 40 -1.06854000000000e-01
40 40 7.82484000000000e-01
41 40 -2.50672000000000e-01
61 40 -1.57605000000000e-01
62 40 1.45425000000000e-01
101 40 -1.89483000000000e-01
102 40 -1.11343000000000e-01
103 40 -1.11952000000000e-01
39 41 1.93043000000000e-01
40 41 -2.50672000000000e-01
41 41 6.29799000000000e-01
61 41 -3.22986000000000e-01
62 41 -5.82134000000000e-01
101 41 2.83706000000000e-01
102 41 -1.83760000000000e-01
103 41 2.33005000000000e-01
1 42 -7.34893000000000e-01
2 42 -2.21597000000000e-02
3 42 -4.87966000000000e-01
42 42 2.20759000000000e+00
43 42 2.43917000000000e-01
63 42 -7.72757000000000e-01
64 42 2.97162000000000e-02
65 42 -4.63445000000000e-01
1 43 -4.73354000000000e-01
2 43 4.22513000000000e-02
3 43 -1.43286000000000e+00
4 43 -4.19687000000000e-02
5 43 -4.72762000000000e-01
42 43 2.43917000000000e-01
43 43 4.30666000000000e+00
44 43 2.08221000000000e-01
63 43 -4.84739000000000e-01
64 43 -4.88931000000000e-02
65 43 -1.45514000000000e+00
66 43 4.82193000000000e-02
67 43 -4.39556000000000e-01
3 44 -4.48963000000000e-01
4 44 6.03529000000000e-02
5 44 -1.35955000000000e+00
6 44 -5.99162000000000e-02
7 44 -4.58028000000000e-01
43 44 2.08221000000000e-01
44 44 4.15095000000000e+00
45 44 1.74972000000000e-01
65 44 -4.69982000000000e-01
66 44 -6.57367000000000e-02
67 44 -1.38020000000000e+00
68 44 6.48657000000000e-02
69 44 -4.16991000000000e-01
5 45 -4.25978000000000e-01
6 45 7.67028000000000e-02
7 45 -1.29002000000000e+00
8 45 -7.61394000000000e-02
9 45 -4.43703000000000e-01
44 45 1.74972000000000e-01
45 45 4.00164000000000e+00
46 45 1.44045000000000e-01
67 45 -4.55679000000000e-01
68 45 -8.08283000000000e-02
69 45 -1.30917000000000e+00
70 45 7.97940000000000e-02
71 45 -3.95629000000000e-01
7 46 -4.04268000000000e-01
8 46 9.14248000000000e-02
9 46 -1.22398000000000e+00
10 46 -9.07573000000000e-02
11 46 -4.29734000000000e-01
45 46 1.44045000000000e-01
46 46 3.85800000000000e+00
47 46 1.15325000000000e-01
69 46 -4.41772000000000e-01
70 46 -9.42961000000000e-02
71 46 -1.24175000000000e+00
72 46 9.31263000000000e-02
73 46 -3.75366000000000e-01
9 47 -3.83719000000000e-01
10 47 1.04628000000000e-01
11 47 -1.16115000000000e+00
12 47 -1.03877000000000e-01
13 47 -4.16074000000000e-01
46 47 1.15325000000000e-01
47 47 3.71938000000000e+00
48 47 8.87128000000000e-02
71 47 -4.28208000000000e-01
72 47 -1.06251000000000e-01
73 47 -1.17763000000000e+00
74 47 1.04971000000000e-01
75 47 -3.56104000000000e-01
11 48 -3.64229000000000e-01
12 48 1.16410000000000e-01
13 48 -1.10128000000000e+00
14 48 -1.15593000000000e-01
15 48 -4.02679000000000e-01
47 48 8.87128000000000e-02
48 48 3.58519000000000e+00
49 48 6.41125000000000e-02
73 48 -4.14941000000000e-01
74 48 -1.16794000000000e-01
75 48 -1.11657000000000e+00
76 48 1.15425000000000e-01
77 48 -3.37760000000000e-01
13 49 -3.45705000000000e-01
14 49 1.26856000000000e-01
15 49 -1.04416000000000e+00
16 49 -1.25990000000000e-01
17 49 -3.89510000000000e-01
48 49 6.41125000000000e-02
49 49 3.45490000000000e+00
50 49 4.14402000000000e-02
75 49 -4.01930000000000e-01
76 49 -1.26011000000000e-01
77 49 -1.05833000000000e+00
78 49 1.24573000000000e-01
79 49 -3.20257000000000e-01
15 50 -3.28067000000000e-01
16 50 1.36046000000000e-01
17 50 -9.89569000000000e-01
18 50 -1.35143000000000e-01
19 50 -3.76531000000000e-01
49 50 4.14402000000000e-02
50 50 3.32806000000000e+00
51 50 2.06160000000000e-02
77 50 -3.89136000000000e-01
78 50 -1.33983000000000e-01
79 50 -1.00269000000000e+00
80 50 1.32491000000000e-01
81 50 -3.03525000000000e-01
17 51 -3.11241000000000e-01
18 51 1.44046000000000e-01
19 51 -9.37339000000000e-01
20 51 -1.43119000000000e-01
21 51 -3.63711000000000e-01
50 51 2.06160000000000e-02
51 51 3.20422000000000e+00
52 51 1.56704000000000e-03
79 51 -3.76525000000000e-01
80 51 -1.40777000000000e-01
81 51 -9.49482000000000e-01
82 51 1.39247000000000e-01
83 51 -2.87504000000000e-01
19 52 -2.95160000000000e-01
20 52 1.50919000000000e-01
21 52 -8.87297000000000e-01
22 52 -1.49978000000000e-01
23 52 -3.51020000000000e-01
51 52 1.56704000000000e-03
52 52 3.08302000000000e+00
53 52 -1.57737000000000e-02
81 52 -3.64065000000000e-01
82 52 -1.46457000000000e-01
83 52 -8.98516000000000e-01
84 52 1.44902000000000e-01
85 52 -2.72137000000000e-01
21 53 -2.79764000000000e-01
22 53 1.56719000000000e-01
23 53 -8.39295000000000e-01
24 53 -1.55774000000000e-01
25 53 -3.38430000000000e-01
52 53 -1.57737000000000e-02
53 53 2.96410000000000e+00
54 53 -3.14685000000000e-02
83 53 -3.51728000000000e-01
84 53 -1.51078000000000e-01
85 53 -8.49638000000000e-01
86 53 1.49508000000000e-01
87 53 -2.57375000000000e-01
23 54 -2.65000000000000e-01
24 54 1.61496000000000e-01
25 54 -7.93191000000000e-01
26 54 -1.60555000000000e-01
27 54 -3.25917000000000e-01
53 54 -3.14685000000000e-02
54 54 2.84715000000000e+00
55 54 -4.55754000000000e-02
85 54 -3.39488000000000e-01
86 54 -1.54688000000000e-01
87 54 -8.02703000000000e-01
88 54 1.53114000000000e-01
89 54 -2.43169000000000e-01
25 55 -2.50817000000000e-01
26 55 1.65292000000000e-01
27 55 -7.48859000000000e-01
28 55 -1.64363000000000e-01
29 55 -3.13457000000000e-01
54 55 -4.55754000000000e-02
55 55 2.73188000000000e+00
56 55 -5.81484000000000e-02
87 55 -3.27321000000000e-01
88 55 -1.57332000000000e-01
89 55 -7.57578000000000e-01
90 55 1.55763000000000e-01
91 55 -2.29480000000000e-01
27 56 -2.37172000000000e-01
28 56 1.68147000000000e-01
29 56 -7.06182000000000e-01
30 56 -1.67236000000000e-01
31 56 -3.01029000000000e-01
55 56 -5.81484000000000e-02
56 56 2.61803000000000e+00
57 56 -6.92382000000000e-02
89 56 -3.15204000000000e-01
90 56 -1.59048000000000e-01
91 56 -7.14142000000000e-01
92 56 1.57491000000000e-01
93 56 -2.16269000000000e-01
29 57 -2.24024000000000e-01
30 57 1.70094000000000e-01
31 57 -7.71988000000000e-01
32 57 -1.69124000000000e-01
33 57 -3.22753000000000e-01
56 57 -6.92382000000000e-02
57 57 2.60222000000000e+00
58 57 1.06695000000000e-01
91 57 -3.03115000000000e-01
92 57 -1.59872000000000e-01
93 57 -7.78946000000000e-01
94 57 1.58167000000000e-01
95 57 -2.38112000000000e-01
31 58 -2.45467000000000e-01
32 58 1.71433000000000e-01
33 58 -1.00973000000000e+00
34 58 -1.70232000000000e-01
35 58 -3.74626000000000e-01
57 58 1.06695000000000e-01
58 58 2.79838000000000e+00
59 58 3.57435000000000e-01
93 58 -3.25711000000000e-01
94 58 -1.59906000000000e-01
95 58 -1.01486000000000e+00
96 58 1.57715000000000e-01
97 58 -2.91130000000000e-01
33 59 -2.97805000000000e-01
34 59 1.71179000000000e-01
35 59 -1.17337000000000e+00
36 59 -1.69752000000000e-01
37 59 -3.73173000000000e-01
58 59 3.57435000000000e-01
59 59 2.92090000000000e+00
60 59 4.13764000000000e-01
95 59 -3.78921000000000e-01
96 59 -1.57908000000000e-01
97 59 -1.17553000000000e+00
98 59 1.55234000000000e-01
99 59 -2.92054000000000e-01
35 60 -2.98248000000000e-01
36 60 1.67674000000000e-01
37 60 -1.25160000000000e+00
38 60 -1.66215000000000e-01
39 60 -3.86646000000000e-01
59 60 4.13764000000000e-01
60 60 2.94697000000000e+00
61 60 5.16235000000000e-01
97 60 -3.78806000000000e-01
98 60 -1.52352000000000e-01
99 60 -1.24950000000000e+00
100 60 1.49379000000000e-01
101 60 -3.10657000000000e-01
37 61 -3.15815000000000e-01
38 61 1.59024000000000e-01
39 61 -1.18437000000000e+00
40 61 -1.57605000000000e-01
41 61 -3.22986000000000e-01
60 61 5.16235000000000e-01
61 61 2.71440000000000e+00
62 61 4.19667000000000e-01
99 61 -3.94393000000000e-01
100 61 -1.41259000000000e-01
101 61 -1.17676000000000e+00
102 61 1.38140000000000e-01
103 61 -2.54281000000000e-01
39 62 -2.58990000000000e-01
40 62 1.45425000000000e-01
41 62 -5.82134000000000e-01
61 62 4.19667000000000e-01
62 62 1.17584000000000e+00
101 62 -3.32437000000000e-01
102 62 -1.25103000000000e-01
103 62 -4.42268000000000e-01
1 63 4.91149000000000e-01
2 63 -5.48880000000000e-01
3 63 5.21758000000000e-01
42 63 -7.72757000000000e-01
43 63 -4.84739000000000e-01
63 63 2.29326000000000e+00
64 63 -1.74070000000000e+00
65 63 1.00472000000000e+00
104 63 -7.48614000000000e-01
105 63 -4.77188000000000e-01
125 63 4.93903000000000e-01
126 63 -5.12882000000000e-01
127 63 4.80970000000000e-01
1 64 -5.28350000000000e-01
2 64 4.60268000000000e-01
3 64 -5.38733000000000e-01
42 64 2.97162000000000e-02
43 64 -4.88931000000000e-02
63 64 -1.74070000000000e+00
64 64 4.73058000000000e+00
65 64 -1.75518000000000e+00
104 64 -4.17132000000000e-02
105 64 6.17679000000000e-02
125 64 -5.43984000000000e-01
126 64 4.23302000000000e-01
127 64 -5.08075000000000e-01
1 65 4.90400000000000e-01
2 65 -5.23392000000000e-01
3 65 9.56769000000000e-01
4 65 -5.47924000000000e-01
5 65 5.17409000000000e-01
42 65 -4.63445000000000e-01
43 65 -1.45514000000000e+00
44 65 -4.69982000000000e-01
63 65 1.00472000000000e+00
64 65 -1.75518000000000e+00
65 65 4.51567000000000e+00
66 65 -1.73840000000000e+00
67 65 9.84932000000000e-01
104 65 -5.01723000000000e-01
105 65 -1.47797000000000e+00
106 65 -4.52372000000000e-01
125 65 5.29786000000000e-01
126 65 -5.32795000000000e-01
127 65 9.61263000000000e-01
128 65 -5.03415000000000e-01
129 65 4.60785000000000e-01
3 66 -5.18370000000000e-01
4 66 4.78754000000000e-01
5 66 -5.38514000000000e-01
43 66 4.82193000000000e-02
44 66 -6.57367000000000e-02
65 66 -1.73840000000000e+00
66 66 4.66572000000000e+00
67 66 -1.75149000000000e+00
105 66 -6.00663000000000e-02
106 66 7.83357000000000e-02
127 66 -5.42807000000000e-01
128 66 4.43158000000000e-01
129 66 -4.98803000000000e-01
3 67 4.70022000000000e-01
4 67 -5.13872000000000e-01
5 67 9.28454000000000e-01
6 67 -5.46268000000000e-01
7 67 5.12595000000000e-01
43 67 -4.39556000000000e-01
44 67 -1.38020000000000e+00
45 67 -4.55679000000000e-01
65 67 9.84932000000000e-01
66 67 -1.75149000000000e+00
67 67 4.40356000000000e+00
68 67 -1.73399000000000e+00
69 67 9.65360000000000e-01
105 67 -4.85285000000000e-01
106 67 -1.40137000000000e+00
107 67 -4.28978000000000e-01
127 67 5.24465000000000e-01
128 67 -5.32222000000000e-01
129 67 9.31894000000000e-01
130 67 -4.94060000000000e-01
131 67 4.41681000000000e-01
5 68 -5.08594000000000e-01
6 68 4.95245000000000e-01
7 68 -5.37557000000000e-01
44 68 6.48657000000000e-02
45 68 -8.08283000000000e-02
67 68 -1.73399000000000e+00
68 68 4.59964000000000e+00
69 68 -1.74569000000000e+00
106 68 -7.66120000000000e-02
107 68 9.32129000000000e-02
129 68 -5.40868000000000e-01
130 68 4.60812000000000e-01
131 68 -4.89637000000000e-01
5 69 4.50758000000000e-01
6 69 -5.04521000000000e-01
7 69 9.01073000000000e-01
8 69 -5.43893000000000e-01
9 69 5.07298000000000e-01
44 69 -4.16991000000000e-01
45 69 -1.30917000000000e+00
46 69 -4.41772000000000e-01
67 69 9.65360000000000e-01
68 69 -1.74569000000000e+00
69 69 4.29395000000000e+00
70 69 -1.72734000000000e+00
71 69 9.45878000000000e-01
106 69 -4.69369000000000e-01
107 69 -1.32876000000000e+00
108 69 -4.06878000000000e-01
129 69 5.18680000000000e-01
130 69 -5.30863000000000e-01
131 69 9.03467000000000e-01
132 69 -4.84739000000000e-01
133 69 4.23532000000000e-01
7 70 -4.98932000000000e-01
8 70 5.09765000000000e-01
9 70 -5.35846000000000e-01
45 70 7.97940000000000e-02
46 70 -9.42961000000000e-02
69 70 -1.72734000000000e+00
70 70 4.53182000000000e+00
71 70 -1.73766000000000e+00
107 70 -9.14815000000000e-02
108 70 1.06522000000000e-01
131 70 -5.38151000000000e-01
132 70 4.76306000000000e-01
133 70 -4.80497000000000e-01
7 71 4.32477000000000e-01
8 71 -4.95253000000000e-01
9 71 8.74483000000000e-01
10 71 -5.40779000000000e-01
11 71 5.01507000000000e-01
45 71 -3.95629000000000e-01
46 71 -1.24175000000000e+00
47 71 -4.28208000000000e-01
69 71 9.45878000000000e-01
70 71 -1.73766000000000e+00
71 71 4.18623000000000e+00
72 71 -1.71837000000000e+00
73 71 9.26376000000000e-01
107 71 -4.53910000000000e-01
108 71 -1.25983000000000e+00
109 71 -3.85951000000000e-01
131 71 5.12418000000000e-01
132 71 -5.28705000000000e-01
133 71 8.75836000000000e-01
134 71 -4.75381000000000e-01
135 71 4.06223000000000e-01
9 72 -4.89311000000000e-01
10 72 5.22338000000000e-01
11 72 -5.33365000000000e-01
46 72 9.31263000000000e-02
47 72 -1.06251000000000e-01
71 72 -1.71837000000000e+00
72 72 4.46185000000000e+00
73 72 -1.72732000000000e+00
108 72 -1.04793000000000e-01
109 72 1.18367000000000e-01
133 72 -5.34643000000000e-01
134 72 4.89682000000000e-01
135 72 -4.71315000000000e-01
9 73 4.15065000000000e-01
10 73 -4.85997000000000e-01
11 73 8.48555000000000e-01
12 73 -5.36912000000000e-01
13 73 4.95211000000000e-01
46 73 -3.75366000000000e-01
47 73 -1.17763000000000e+00
48 73 -4.14941000000000e-01
71 73 9.26376000000000e-01
72 73 -1.72732000000000e+00
73 73 4.07987000000000e+00
74 73 -1.70698000000000e+00
75 73 9.06757000000000e-01
108 73 -4.38851000000000e-01
109 73 -1.19427000000000e+00
110 73 -3.66094000000000e-01
133 73 5.05665000000000e-01
134 73 -5.25737000000000e-01
135 73 8.48869000000000e-01
136 73 -4.65925000000000e-01
137 73 3.89656000000000e-01
11 74 -4.79662000000000e-01
12 74 5.32987000000000e-01
13 74 -5.30101000000000e-01
47 74 1.04971000000000e-01
48 74 -1.16794000000000e-01
73 74 -1.70698000000000e+00
74 74 4.38933000000000e+00
75 74 -1.71456000000000e+00
109 74 -1.16650000000000e-01
110 74 1.28841000000000e-01
135 74 -5.30334000000000e-01
136 74 5.00980000000000e-01
137 74 -4.62030000000000e-01
11 75 3.98422000000000e-01
12 75 -4.76687000000000e-01
13 75 8.23176000000000e-01
14 75 -5.32280000000000e-01
15 75 4.88400000000000e-01
47 75 -3.56104000000000e-01
48 75 -1.11657000000000e+00
49 75 -4.01930000000000e-01
73 75 9.06757000000000e-01
74 75 -1.71456000000000e+00
75 75 3.97439000000000e+00
76 75 -1.69310000000000e+00
77 75 8.86938000000000e-01
109 75 -4.24140000000000e-01
110 75 -1.13183000000000e+00
111 75 -3.47214000000000e-01
135 75 4.98408000000000e-01
136 75 -5.21949000000000e-01
137 75 8.22453000000000e-01
138 75 -4.56321000000000e-01
139 75 3.73742000000000e-01
13 76 -4.69930000000000e-01
14 76 5.41738000000000e-01
15 76 -5.26044000000000e-01
48 76 1.15425000000000e-01
49 76 -1.26011000000000e-01
75 76 -1.69310000000000e+00
76 76 4.31395000000000e+00
77 76 -1.69934000000000e+00
110 76 -1.27145000000000e-01
111 76 1.38028000000000e-01
137 76 -5.25215000000000e-01
138 76 5.10237000000000e-01
139 76 -4.52592000000000e-01
13 77 3.82457000000000e-01
14 77 -4.67268000000000e-01
15 77 7.98242000000000e-01
16 77 -5.26872000000000e-01
17 77 4.81065000000000e-01
48 77 -3.37760000000000e-01
49 77 -1.05833000000000e+00
50 77 -3.89136000000000e-01
75 77 8.86938000000000e-01
76 77 -1.69934000000000e+00
77 77 3.86939000000000e+00
78 77 -1.67668000000000e+00
79 77 8.66842000000000e-01
110 77 -4.09729000000000e-01
111 77 -1.07226000000000e+00
112 77 -3.29227000000000e-01
137 77 4.90639000000000e-01
138 77 -5.17334000000000e-01
139 77 7.96483000000000e-01
140 77 -4.46521000000000e-01
141 77 3.58402000000000e-01
15 78 -4.60061000000000e-01
16 78 5.48613000000000e-01
17 78 -5.21187000000000e-01
49 78 1.24573000000000e-01
50 78 -1.33983000000000e-01
77 78 -1.67668000000000e+00
78 78 4.23541000000000e+00
79 78 -1.68158000000000e+00
111 78 -1.36361000000000e-01
112 78 1.46002000000000e-01
139 78 -5.19280000000000e-01
140 78 5.17490000000000e-01
141 78 -4.42953000000000e-01
15 79 3.67090000000000e-01
16 79 -4.57691000000000e-01
17 79 7.73665000000000e-01
18 79 -5.20680000000000e-01
19 79 4.73198000000000e-01
49 79 -3.20257000000000e-01
50 79 -1.00269000000000e+00
51 79 -3.76525000000000e-01
77 79 8.66842000000000e-01
78 79 -1.68158000000000e+00
79 79 3.76449000000000e+00
80 79 -1.65767000000000e+00
81 79 8.46404000000000e-01
111 79 -3.95578000000000e-01
112 79 -1.01536000000000e+00
113 79 -3.12058000000000e-01
139 79 4.82349000000000e-01
140 79 -5.11889000000000e-01
141 79 7.70869000000000e-01
142 79 -4.36486000000000e-01
143 79 3.43567000000000e-01
17 80 -4.50012000000000e-01
18 80 5.53638000000000e-01
19 80 -5.15522000000000e-01
50 80 1.32491000000000e-01
51 80 -1.40777000000000e-01
79 80 -1.65767000000000e+00
80 80 4.15347000000000e+00
81 80 -1.66125000000000e+00
112 80 -1.44371000000000e-01
113 80 1.52830000000000e-01
141 80 -5.12523000000000e-01
142 80 5.22776000000000e-01
143 80 -4.33075000000000e-01
17 81 3.52251000000000e-01
18 81 -4.47914000000000e-01
19 81 7.49362000000000e-01
20 81 -5.13697000000000e-01
21 81 4.64793000000000e-01
50 81 -3.03525000000000e-01
51 81 -9.49482000000000e-01
52 81 -3.64065000000000e-01
79 81 8.46404000000000e-01
80 81 -1.66125000000000e+00
81 81 3.65935000000000e+00
82 81 -1.63604000000000e+00
83 81 8.25566000000000e-01
112 81 -3.81647000000000e-01
113 81 -9.60913000000000e-01
114 81 -2.95640000000000e-01
141 81 4.73529000000000e-01
142 81 -5.05610000000000e-01
143 81 7.45529000000000e-01
144 81 -4.26182000000000e-01
145 81 3.29175000000000e-01
19 82 -4.39744000000000e-01
20 82 5.56837000000000e-01
21 82 -5.09044000000000e-01
51 82 1.39247000000000e-01
52 82 -1.46457000000000e-01
81 82 -1.63604000000000e+00
82 82 4.06791000000000e+00
83 82 -1.63830000000000e+00
113 82 -1.51240000000000e-01
114 82 1.58568000000000e-01
143 82 -5.04942000000000e-01
144 82 5.26130000000000e-01
145 82 -4.22924000000000e-01
19 83 3.37876000000000e-01
20 83 -4.37898000000000e-01
21 83 7.25260000000000e-01
22 83 -5.05918000000000e-01
23 83 4.55844000000000e-01
51 83 -2.87504000000000e-01
52 83 -8.98516000000000e-01
53 83 -3.51728000000000e-01
81 83 8.25566000000000e-01
82 83 -1.63830000000000e+00
83 83 3.55370000000000e+00
84 83 -1.61175000000000e+00
85 83 8.04277000000000e-01
113 83 -3.67902000000000e-01
114 83 -9.08754000000000e-01
115 83 -2.79913000000000e-01
143 83 4.64174000000000e-01
144 83 -4.98493000000000e-01
145 83 7.20390000000000e-01
146 83 -4.15578000000000e-01
147 83 3.15171000000000e-01
21 84 -4.29222000000000e-01
22 84 5.58232000000000e-01
23 84 -5.01750000000000e-01
52 84 1.44902000000000e-01
53 84 -1.51078000000000e-01
83 84 -1.61175000000000e+00
84 84 3.97855000000000e+00
85 84 -1.61271000000000e+00
114 84 -1.57024000000000e-01
115 84 1.63271000000000e-01
145 84 -4.96533000000000e-01
146 84 5.27585000000000e-01
147 84 -4.12471000000000e-01
21 85 3.23908000000000e-01
22 85 -4.27610000000000e-01
23 85 7.01294000000000e-01
24 85 -4.97337000000000e-01
25 85 4.46344000000000e-01
52 85 -2.72137000000000e-01
53 85 -8.49638000000000e-01
54 85 -3.39488000000000e-01
83 85 8.04277000000000e-01
84 85 -1.61271000000000e+00
85 85 3.44725000000000e+00
86 85 -1.58477000000000e+00
87 85 7.82489000000000e-01
114 85 -3.54311000000000e-01
115 85 -8.58722000000000e-01
116 85 -2.64821000000000e-01
145 85 4.54276000000000e-01
146 85 -4.90538000000000e-01
147 85 6.95385000000000e-01
148 85 -4.04649000000000e-01
149 85 3.01507000000000e-01
23 86 -4.18416000000000e-01
24 86 5.57847000000000e-01
25 86 -4.93634000000000e-01
53 86 1.49508000000000e-01
54 86 -1.54688000000000e-01
85 86 -1.58477000000000e+00
86 86 3.88521000000000e+00
87 86 -1.58445000000000e+00
115 86 -1.61778000000000e-01
116 86 1.66983000000000e-01
147 86 -4.87295000000000e-01
148 86 5.27174000000000e-01
149 86 -4.01688000000000e-01
23 87 3.10298000000000e-01
24 87 -4.17021000000000e-01
25 87 6.77404000000000e-01
26 87 -4.87951000000000e-01
27 87 4.36289000000000e-01
53 87 -2.57375000000000e-01
54 87 -8.02703000000000e-01
55 87 -3.27321000000000e-01
85 87 7.82489000000000e-01
86 87 -1.58445000000000e+00
87 87 3.33978000000000e+00
88 87 -1.55509000000000e+00
89 87 7.60162000000000e-01
115 87 -3.40844000000000e-01
116 87 -8.10663000000000e-01
117 87 -2.50314000000000e-01
147 87 4.43831000000000e-01
148 87 -4.81743000000000e-01
149 87 6.70456000000000e-01
150 87 -3.93370000000000e-01
151 87 2.88137000000000e-01
25 88 -4.07300000000000e-01
26 88 5.55705000000000e-01
27 88 -4.84696000000000e-01
54 88 1.53114000000000e-01
55 88 -1.57332000000000e-01
87 88 -1.55509000000000e+00
88 88 3.78775000000000e+00
89 88 -1.55350000000000e+00
116 88 -1.65545000000000e-01
117 88 1.69749000000000e-01
149 88 -4.77227000000000e-01
150 88 5.24930000000000e-01
151 88 -3.90553000000000e-01
25 89 2.96998000000000e-01
26 89 -4.06106000000000e-01
27 89 6.53536000000000e-01
28 89 -4.77756000000000e-01
29 89 4.25672000000000e-01
54 89 -2.43169000000000e-01
55 89 -7.57578000000000e-01
56 89 -3.15204000000000e-01
87 89 7.60162000000000e-01
88 89 -1.55350000000000e+00
89 89 3.23107000000000e+00
90 89 -1.52270000000000e+00
91 89 7.37261000000000e-01
116 89 -3.27476000000000e-01
117 89 -7.64446000000000e-01
118 89 -2.36347000000000e-01
149 89 4.32833000000000e-01
150 89 -4.72110000000000e-01
151 89 6.45547000000000e-01
152 89 -3.81723000000000e-01
153 89 2.75022000000000e-01
27 90 -3.95848000000000e-01
28 90 5.51827000000000e-01
29 90 -4.74933000000000e-01
55 90 1.55763000000000e-01
56 90 -1.59048000000000e-01
89 90 -1.52270000000000e+00
90 90 3.68604000000000e+00
91 90 -1.51984000000000e+00
117 90 -1.68368000000000e-01
118 90 1.71602000000000e-01
151 90 -4.66329000000000e-01
152 90 5.20882000000000e-01
153 90 -3.79048000000000e-01
27 91 2.83969000000000e-01
28 91 -3.94842000000000e-01
29 91 6.29642000000000e-01
30 91 -4.66750000000000e-01
31 91 4.14490000000000e-01
55 91 -2.29480000000000e-01
56 91 -7.14142000000000e-01
57 91 -3.03115000000000e-01
89 91 7.37261000000000e-01
90 91 -1.51984000000000e+00
91 91 3.12094000000000e+00
92 91 -1.48757000000000e+00
93 91 7.13752000000000e-01
117 91 -3.14180000000000e-01
118 91 -7.19942000000000e-01
119 91 -2.22880000000000e-01
151 91 4.21276000000000e-01
152 91 -4.61638000000000e-01
153 91 6.20611000000000e-01
154 91 -3.69690000000000e-01
155 91 2.62129000000000e-01
29 92 -3.84042000000000e-01
30 92 5.46235000000000e-01
31 92 -4.64343000000000e-01
56 92 1.57491000000000e-01
57 92 -1.59872000000000e-01
91 92 -1.48757000000000e+00
92 92 3.57997000000000e+00
93 92 -1.48347000000000e+00
118 92 -1.70282000000000e-01
119 92 1.72577000000000e-01
153 92 -4.54599000000000e-01
154 92 5.15060000000000e-01
155 92 -3.67155000000000e-01
29 93 2.71175000000000e-01
30 93 -3.83209000000000e-01
31 93 6.05639000000000e-01
32 93 -3.84493000000000e-01
33 93 3.84470000000000e-01
56 93 -2.16269000000000e-01
57 93 -7.78946000000000e-01
58 93 -3.25711000000000e-01
91 93 7.13752000000000e-01
92 93 -1.48347000000000e+00
93 93 2.93545000000000e+00
94 93 -1.12964000000000e+00
95 93 6.21967000000000e-01
118 93 -3.00934000000000e-01
119 93 -7.84226000000000e-01
120 93 -2.44789000000000e-01
153 93 4.09157000000000e-01
154 93 -4.50328000000000e-01
155 93 5.97050000000000e-01
156 93 -2.89654000000000e-01
157 93 2.33011000000000e-01
31 94 -3.01247000000000e-01
32 94 3.27916000000000e-01
33 94 -3.81466000000000e-01
57 94 1.58167000000000e-01
58 94 -1.59906000000000e-01
93 94 -1.12964000000000e+00
94 94 2.96970000000000e+00
95 94 -1.12600000000000e+00
119 94 -1.71193000000000e-01
120 94 1.72780000000000e-01
155 94 -3.74570000000000e-01
156 94 3.01968000000000e-01
157 94 -2.86504000000000e-01
31 95 2.40268000000000e-01
32 95 -2.99849000000000e-01
33 95 5.99780000000000e-01
34 95 -2.98427000000000e-01
35 95 3.67155000000000e-01
57 95 -2.38112000000000e-01
58 95 -1.01486000000000e+00
59 95 -3.78921000000000e-01
93 95 6.21967000000000e-01
94 95 -1.12600000000000e+00
95 95 2.73370000000000e+00
96 95 -7.26307000000000e-01
97 95 5.45131000000000e-01
119 95 -3.22583000000000e-01
120 95 -1.01994000000000e+00
121 95 -2.97400000000000e-01
155 95 3.80002000000000e-01
156 95 -3.69637000000000e-01
157 95 5.93084000000000e-01
158 95 -2.07068000000000e-01
159 95 2.18019000000000e-01
33 96 -2.15320000000000e-01
34 96 5.32835000000000e-02
35 96 -2.93493000000000e-01
58 96 1.57715000000000e-01
59 96 -1.57908000000000e-01
95 96 -7.26307000000000e-01
96 96 2.36671000000000e+00
97 96 -7.25522000000000e-01
120 96 -1.71095000000000e-01
121 96 1.71002000000000e-01
157 96 -2.91149000000000e-01
158 96 3.40188000000000e-02
159 96 -2.01933000000000e-01
33 97 2.23238000000000e-01
34 97 -2.12040000000000e-01
35 97 5.92491000000000e-01
36 97 -2.61133000000000e-01
37 97 3.47439000000000e-01
58 97 -2.91130000000000e-01
59 97 -1.17553000000000e+00
60 97 -3.78806000000000e-01
95 97 5.45131000000000e-01
96 97 -7.25522000000000e-01
97 97 2.57025000000000e+00
98 97 -5.75552000000000e-01
99 97 4.97017000000000e-01
120 97 -3.74036000000000e-01
121 97 -1.17883000000000e+00
122 97 -2.96822000000000e-01
157 97 3.63521000000000e-01
158 97 -2.84227000000000e-01
159 97 5.85873000000000e-01
160 97 -1.72478000000000e-01
161 97 2.01144000000000e-01
35 98 -1.79830000000000e-01
36 98 -2.86778000000000e-02
37 98 -2.55741000000000e-01
59 98 1.55234000000000e-01
60 98 -1.52352000000000e-01
97 98 -5.75552000000000e-01
98 98 2.08008000000000e+00
99 98 -5.75058000000000e-01
121 98 -1.69069000000000e-01
122 98 1.65763000000000e-01
159 98 -2.53874000000000e-01
160 98 -4.47589000000000e-02
161 98 -1.66167000000000e-01
35 99 2.06116000000000e-01
36 99 -1.75436000000000e-01
37 99 5.78479000000000e-01
38 99 -2.17223000000000e-01
39 99 3.30906000000000e-01
59 99 -2.92054000000000e-01
60 99 -1.24950000000000e+00
61 99 -3.94393000000000e-01
97 99 4.97017000000000e-01
98 99 -5.75058000000000e-01
99 99 2.43253000000000e+00
100 99 -3.83382000000000e-01
101 99 4.51340000000000e-01
121 99 -3.70731000000000e-01
122 99 -1.24897000000000e+00
123 99 -3.12462000000000e-01
159 99 3.42580000000000e-01
160 99 -2.46517000000000e-01
161 99 5.69855000000000e-01
162 99 -1.34072000000000e-01
163 99 1.90984000000000e-01
37 100 -1.40038000000000e-01
38 100 -1.49784000000000e-01
39 100 -2.09914000000000e-01
60 100 1.49379000000000e-01
61 100 -1.41259000000000e-01
99 100 -3.83382000000000e-01
100 100 1.76537000000000e+00
101 100 -3.86285000000000e-01
122 100 -1.63822000000000e-01
123 100 1.55046000000000e-01
161 100 -2.10308000000000e-01
162 100 -1.60356000000000e-01
163 100 -1.24643000000000e-01
37 101 1.95867000000000e-01
38 101 -1.32642000000000e-01
39 101 5.25299000000000e-01
40 101 -1.89483000000000e-01
41 101 2.83706000000000e-01
60 101 -3.10657000000000e-01
61 101 -1.17676000000000e+00
62 101 -3.32437000000000e-01
99 101 4.51340000000000e-01
100 101 -3.86285000000000e-01
101 101 2.16124000000000e+00
102 101 -3.40893000000000e-01
103 101 3.79725000000000e-01
122 101 -3.81330000000000e-01
123 101 -1.17069000000000e+00
124 101 -2.53360000000000e-01
161 101 3.24413000000000e-01
162 101 -2.01040000000000e-01
163 101 5.13127000000000e-01
164 101 -1.12888000000000e-01
165 101 1.53746000000000e-01
39 102 -1.19248000000000e-01
40 102 -1.11343000000000e-01
41 102 -1.83760000000000e-01
61 102 1.38140000000000e-01
62 102 -1.25103000000000e-01
101 102 -3.40893000000000e-01
102 102 1.50054000000000e+00
103 102 -3.40190000000000e-01
123 102 -1.53227000000000e-01
124 102 1.39402000000000e-01
163 102 -1.81033000000000e-01
164 102 -1.19642000000000e-01
165 102 -1.03640000000000e-01
39 103 1.59525000000000e-01
40 103 -1.11952000000000e-01
41 103 2.33005000000000e-01
61 103 -2.54281000000000e-01
62 103 -4.42268000000000e-01
101 103 3.79725000000000e-01
102 103 -3.40190000000000e-01
103 103 9.33239000000000e-01
123 103 -3.14390000000000e-01
124 103 -5.67989000000000e-01
163 103 2.74434000000000e-01
164 103 -1.73568000000000e-01
165 103 2.24709000000000e-01
63 104 -7.48614000000000e-01
64 104 -4.17132000000000e-02
65 104 -5.01723000000000e-01
104 104 2.23708000000000e+00
105 104 2.79886000000000e-01
125 104 -8.07208000000000e-01
126 104 4.98840000000000e-02
127 104 -4.67587000000000e-01
63 105 -4.77188000000000e-01
64 105 6.17679000000000e-02
65 105 -1.47797000000000e+00
66 105 -6.00663000000000e-02
67 105 -4.85285000000000e-01
104 105 2.79886000000000e-01
105 105 4.36110000000000e+00
106 105 2.42281000000000e-01
125 105 -4.98911000000000e-01
126 105 -6.94607000000000e-02
127 105 -1.50030000000000e+00
128 105 6.72927000000000e-02
129 105 -4.43142000000000e-01
65 106 -4.52372000000000e-01
66 106 7.83357000000000e-02
67 106 -1.40137000000000e+00
68 106 -7.66120000000000e-02
69 106 -4.69369000000000e-01
105 106 2.42281000000000e-01
106 106 4.19908000000000e+00
107 106 2.07309000000000e-01
127 106 -4.83072000000000e-01
128 106 -8.50831000000000e-02
129 106 -1.42193000000000e+00
130 106 8.28571000000000e-02
131 106 -4.20058000000000e-01
67 107 -4.28978000000000e-01
68 107 9.32129000000000e-02
69 107 -1.32876000000000e+00
70 107 -9.14815000000000e-02
71 107 -4.53910000000000e-01
106 107 2.07309000000000e-01
107 107 4.04368000000000e+00
108 107 1.74829000000000e-01
129 107 -4.67731000000000e-01
130 107 -9.89842000000000e-02
131 107 -1.34769000000000e+00
132 107 9.67171000000000e-02
133 107 -3.98212000000000e-01
69 108 -4.06878000000000e-01
