%%MatrixMarket matrix coordinate real general
%-------------------------------------------------------------------------------
% UF Sparse Matrix Collection, Tim Davis
% http://www.cise.ufl.edu/research/sparse/matrices/Oberwolfach/rail_5177
% name: Oberwolfach/rail_5177
% [Oberwolfach: heat transfer, steel profile cooling]
% id: 1444
% date: 2002
% author: P. Benner, J. Saak
% ed: E. Rudnyi
% fields: name title A id notes aux date author ed kind
% aux: E B C
% kind: model reduction problem
%-------------------------------------------------------------------------------
% notes:
% Primary matrix in this model reduction problem is the Oberwolfach A matrix
%-------------------------------------------------------------------------------
5177 5177 35185
1 1 -4.44242386235921e-06
2225 1 8.80179848958481e-07
2227 1 7.87414994676505e-07
2228 1 2.75437236744841e-06
2 2 -4.58778033897186e-06
206 2 3.79783673912023e-07
207 2 3.03247380878468e-06
210 2 1.13325507853751e-06
3 3 -5.64242309897460e-06
960 3 3.79783673912022e-07
962 3 6.46198560437972e-07
963 3 4.57258508428588e-06
4 4 -1.43542229099236e-05
270 4 -1.13185647608052e-06
274 4 -2.14279791870634e-06
275 4 6.38795504103865e-06
306 4 4.22086565365025e-06
325 4 3.06276323640240e-06
2656 4 3.93495888242025e-06
5 5 -9.96004093497143e-06
378 5 1.02353379566467e-06
380 5 2.53645925387619e-07
381 5 1.52056419477987e-06
382 5 5.22079233847167e-06
415 5 1.92234916653625e-06
6 6 -1.21134482195807e-05
807 6 1.50407126793102e-07
811 6 -1.84578748308273e-06
812 6 7.21925732278476e-06
2968 6 7.49076454961999e-07
2972 6 5.81832736114320e-06
7 7 -1.08860350382856e-05
517 7 1.68703117155895e-06
520 7 4.42400047333848e-06
581 7 3.50909063190868e-06
760 7 1.24770354435591e-06
8 8 -1.30292510818718e-05
739 8 -4.52179372611391e-06
744 8 5.63674181840072e-06
764 8 6.50080163118663e-06
1237 8 2.80902010704318e-07
1238 8 1.69907872514892e-06
1239 8 3.40992195508163e-06
9 9 -1.37998728270498e-05
1318 9 1.74129398257237e-07
1323 9 -1.66978420719268e-06
1324 9 5.93831272250243e-06
1354 9 -2.34344923165742e-06
1355 9 7.42014520574857e-06
1391 9 4.25759558639933e-06
10 10 -1.13382192793568e-05
450 10 -1.19763896240489e-06
453 10 4.35797701383553e-07
454 10 5.97437773193179e-06
486 10 3.23276824180828e-06
4330 10 2.88178657774808e-06
11 11 -1.22614398985024e-05
691 11 1.05868993958152e-06
694 11 -1.98159286704108e-06
695 11 5.37528963169293e-06
726 11 3.70071756114815e-06
1265 11 4.10144763919016e-06
12 12 -9.53794600054779e-06
1269 12 2.22887644418678e-06
1272 12 2.26448792507613e-06
1670 12 3.29561335721544e-06
1712 12 1.74200116250595e-06
13 13 -9.48083093212941e-06
627 13 2.67511888331581e-06
628 13 2.36702282049742e-06
631 13 2.55420887776818e-06
875 13 1.87316280458869e-06
14 14 -1.22330480354822e-05
848 14 -1.65239899107171e-06
851 14 4.08677798448892e-07
852 14 6.43163081126481e-06
879 14 3.45275979303462e-06
2476 14 3.58068426234235e-06
15 15 -1.19195050525040e-05
1743 15 1.08226779289226e-06
1746 15 -1.96995354255811e-06
1747 15 5.20010391529779e-06
1777 15 3.24979159423570e-06
2530 15 4.34416553932547e-06
16 16 -5.67113068010217e-06
1941 16 3.82895260734475e-06
1963 16 1.82739798936189e-06
17 17 -1.12521051188639e-05
927 17 1.03904992780266e-06
932 17 3.18085621560303e-06
2148 17 -1.73640374463898e-06
2149 17 5.45377928676348e-06
2355 17 3.27807859087425e-06
18 18 -1.24658615228780e-05
997 18 -2.90206970759554e-06
998 18 4.97526317866587e-06
1002 18 1.10051973640309e-06
1003 18 4.72354992133918e-06
3014 18 4.56859839406543e-06
19 19 -1.14931623857522e-05
2050 19 -1.18310899210995e-06
2052 19 3.75682423311421e-06
2078 19 1.18310899210992e-06
2079 19 4.04817517076421e-06
2177 19 3.68816298187383e-06
20 20 -9.62574105378792e-06
1481 20 2.42437899557631e-06
1484 20 2.69590525600918e-06
2623 20 7.48404588642909e-07
2624 20 3.75705221355952e-06
21 21 -1.27261566449856e-05
1085 21 -2.97046597766386e-06
1087 21 4.58139158675915e-06
1108 21 5.11775625349504e-06
2282 21 7.87414994676505e-07
2284 21 5.16973279734254e-06
22 22 -9.28279108272302e-06
1061 22 2.63783271044867e-06
1063 22 1.23722329265453e-06
1064 22 3.75763472466420e-06
1091 22 1.61092560909529e-06
23 23 -1.17189650649713e-05
202 23 -2.08335744888030e-06
204 23 3.21661252741781e-06
234 23 1.23722329265454e-06
235 23 2.29370658578664e-06
236 23 7.01672311769670e-06
24 24 -1.15378865388796e-05
2716 24 -2.12064560104316e-06
2718 24 3.88344960572565e-06
2741 24 6.46198560437977e-07
2742 24 3.63910611825966e-06
2743 24 5.45342928421865e-06
25 25 -1.24634657213481e-05
300 25 -2.70169831417894e-06
301 25 4.72147241170413e-06
2720 25 5.56327147952234e-06
2723 25 1.76280400468249e-06
5172 25 3.08900917756973e-06
26 26 -1.09826037890558e-05
408 26 1.71297791197846e-07
409 26 3.47325876959765e-06
410 26 6.14000929483387e-07
2660 26 2.92334863646233e-06
5173 26 3.78357940596459e-06
27 27 -9.50066284842611e-06
1394 27 2.08747816267551e-06
1397 27 1.91414635474195e-06
1439 27 3.68132556829939e-06
1541 27 1.80049064679724e-06
28 28 -1.43783345671949e-05
480 28 -2.75516237040628e-06
481 28 5.17861448718165e-06
1522 28 -2.22859062361459e-06
1524 28 8.10601404782615e-06
1545 28 4.02908127041184e-06
5174 28 2.03512927940333e-06
29 29 -1.20226933525678e-05
3817 29 -1.86753260187850e-06
3819 29 4.28404509801137e-06
3846 29 5.89140775044699e-07
3847 29 6.20239799651630e-06
4334 29 2.80460144041174e-06
30 30 -1.06327050744138e-05
720 30 9.09190285944367e-07
722 30 4.29078315829056e-06
3821 30 2.84786628643376e-06
3824 30 2.57725034265867e-06
31 31 -1.13984793299108e-05
1691 31 -1.97970546535535e-06
1693 31 1.25969139025555e-06
1694 31 2.34033661810680e-06
1695 31 6.04950689164455e-06
1716 31 3.72170662786132e-06
32 32 -1.27957406090511e-05
1858 32 1.25969139025561e-06
1861 32 -1.99150746372882e-06
1862 32 2.90616956356775e-06
1863 32 5.79790822587977e-06
1894 32 4.81445170094489e-06
33 33 -9.55277430432472e-06
1898 33 2.19407182255590e-06
1901 33 2.82294423721608e-06
3144 33 1.11197352203619e-06
3145 33 3.41204882454608e-06
34 34 -9.98103890996703e-06
3200 34 1.68961764870322e-06
3202 34 1.76805968965319e-06
4359 34 1.11197352203621e-06
4361 34 5.39613239665723e-06
35 35 -1.36545429759619e-05
2024 35 -1.37456125652442e-06
2025 35 3.64211438175358e-06
3173 35 -2.74067458413745e-06
3175 35 7.68264134167906e-06
3206 35 4.50873427379047e-06
5176 35 1.92012235677584e-06
36 36 -1.07724615916439e-05
1993 36 -5.49013648126233e-07
1996 36 5.48793028837554e-07
1997 36 5.71027045829501e-06
2030 36 2.46913600490210e-06
3338 36 2.57992842646789e-06
37 37 -1.22460913758107e-05
622 37 -1.09717410355095e-06
624 37 3.65138298131941e-06
659 37 -1.45627520588594e-07
660 37 6.69852154419021e-06
3342 37 3.12872145530529e-06
38 38 -1.08639783671087e-05
1771 38 8.06428038864272e-07
1773 38 3.58624512039364e-06
2478 38 2.91212530343904e-06
2481 38 3.54794196100133e-06
39 39 -1.10470598825982e-05
2534 39 -1.26655729276151e-06
2535 39 4.96700079198379e-06
2538 39 2.37421199676736e-06
2565 39 3.19708230573419e-06
3079 39 1.75984908308966e-06
40 40 -1.15232945989062e-05
3057 40 -6.97932685053440e-07
3060 40 6.97932685053439e-07
3061 40 7.77358878638949e-06
3083 40 2.45778176814310e-06
3234 40 1.27180914725355e-06
41 41 -9.47345714713083e-06
1957 41 1.33560781633951e-06
1959 41 1.82739798936189e-06
3100 41 2.64275643251667e-06
3236 41 1.67180418065355e-06
3239 41 1.96974183230699e-06
42 42 -1.14315937540881e-05
2302 42 -1.25962847916181e-06
2304 42 3.70006538060082e-06
2322 42 3.19019804110079e-06
2980 42 7.49076454961999e-07
2982 42 5.02864620935582e-06
43 43 -1.19724831769732e-05
2112 43 1.87384451561294e-06
2115 43 -2.48806055206403e-06
2116 43 6.00471959353705e-06
2308 43 2.44043690143901e-06
2331 43 4.11282909864842e-06
44 44 -9.36061698834382e-06
910 44 1.03904992780266e-06
917 44 7.77555710734906e-07
2069 44 1.83558477208696e-06
2071 44 4.04817517076423e-06
2335 44 1.62476854658439e-06
45 45 -1.07811415834468e-05
2358 45 1.42855996211483e-06
2361 45 1.54167484623525e-06
2393 45 -1.12071617959070e-06
2394 45 5.38285160838076e-06
2409 45 3.51845869330111e-06
46 46 -9.99323703145032e-06
158 46 9.02635641492844e-07
162 46 1.23901004596750e-06
2413 46 2.39774251371036e-06
2441 46 9.58815997016457e-07
2445 46 4.47171516669282e-06
47 47 -1.35201935811301e-05
511 47 -1.39030021858887e-06
513 47 5.81430069192742e-06
546 47 1.39605279998333e-06
2453 47 9.58815997016457e-07
2455 47 6.72338692065479e-06
48 48 -9.62880967761059e-06
2209 48 8.80179848958480e-07
2214 48 1.97308464086836e-06
2215 48 4.74161755778892e-06
2680 48 2.03392762999482e-06
49 49 -1.17487686123471e-05
2674 49 -2.17253519915516e-06
2676 49 4.20646282914999e-06
2698 49 4.07756785168247e-06
3016 49 3.97074444419999e-06
3019 49 1.66652868646986e-06
50 50 -9.10993395863395e-06
1192 50 1.87384451561292e-06
1193 50 1.93056956193897e-06
1194 50 2.56968675084300e-06
2101 50 1.58671972403065e-06
5175 50 1.14911340620840e-06
51 51 -1.20007393306589e-05
2056 51 1.83558477208696e-06
2059 51 2.57371524100428e-06
2095 51 -2.48806055206401e-06
2097 51 4.07478027609462e-06
2122 51 6.00471959353706e-06
52 52 -1.35254212351878e-05
903 52 -2.09117430358143e-06
906 52 2.86873001431641e-06
940 52 5.27203051918444e-06
2139 52 2.60456303128471e-06
2173 52 4.87127197398366e-06
53 53 -1.14465973196631e-05
2133 53 -1.73640374463891e-06
2135 53 4.34096677592360e-06
2157 53 1.42855996211483e-06
2158 53 5.45377928676345e-06
2384 53 1.95969503950011e-06
54 54 -1.10645055812036e-05
142 54 9.02635641492844e-07
145 54 2.81932329182990e-06
2378 54 -1.12071617959072e-06
2380 54 3.08041121909085e-06
2400 54 5.38285160838076e-06
55 55 -9.60874087145260e-06
533 55 1.68703117155895e-06
537 55 5.75258139434037e-09
572 55 8.88501481156609e-07
2940 55 4.86358590667174e-07
2941 55 4.64853159867115e-06
3935 55 1.89256544800438e-06
56 56 -9.33793062098776e-06
3605 56 9.06885893236128e-07
3607 56 1.31079985902536e-06
4133 56 1.05116549922964e-06
4135 56 4.17305088093601e-06
4987 56 1.89602848856063e-06
57 57 -9.48570444844762e-06
2914 57 7.48404588642909e-07
2915 57 2.39633710940942e-06
4501 57 2.62007990263714e-06
4502 57 9.65568332794415e-07
5177 57 2.75531451496374e-06
58 58 -1.25930500094460e-05
1475 58 -2.11347975238851e-06
1477 58 4.80938500839770e-06
1512 58 1.33560781633951e-06
1513 58 4.73258432975252e-06
1945 58 3.82895260734475e-06
59 59 -1.85436743631102e-05
3316 59 1.57229754304460e-06
3317 59 2.45855552897054e-06
3431 59 2.14341538117593e-06
3432 59 2.35019645699153e-06
3435 59 2.57030103929289e-06
3495 59 4.07194529743498e-06
4777 59 3.37696311619975e-06
60 60 -1.80745762751096e-05
280 60 2.63783271044866e-06
281 60 2.85783372945235e-06
282 60 2.01977409752517e-06
287 60 2.16399467422528e-06
288 60 3.11330064625179e-06
1099 60 2.14729027583119e-06
2847 60 3.13455014137514e-06
61 61 -2.62391351997342e-05
1041 61 -2.30519944323347e-06
1045 61 5.16303317268583e-06
1072 61 -2.48731618981573e-06
1073 61 8.55015035771339e-06
1132 61 4.78102277560236e-06
2257 61 -2.85979234838381e-06
2258 61 6.34308767826291e-06
2732 61 2.86157316534339e-06
2734 61 6.19257603155932e-06
62 62 -1.88176816618969e-05
332 62 2.16399467422528e-06
338 62 1.57063375365021e-06
2648 62 4.13569947150417e-06
2689 62 1.97308464086836e-06
2691 62 1.90503265252730e-06
2771 62 3.20499133140144e-06
2793 62 3.86424513772010e-06
63 63 -2.31394524837667e-05
225 63 -7.75244143958473e-07
226 63 3.80771795274314e-06
971 63 -1.30595751163401e-06
972 63 6.65378673987836e-06
2246 63 -1.39742481814854e-06
2248 63 4.94506362989364e-06
2249 63 4.88072014802760e-06
2265 63 6.33079048696496e-06
64 64 -2.82930027417377e-05
2201 64 -1.76035969791696e-06
2204 64 -1.77363408258157e-06
2205 64 8.27561133828745e-06
2236 64 -1.58846775687022e-06
2237 64 6.10319982223560e-06
2291 64 -1.32083177294964e-06
2292 64 8.07903232716240e-06
2786 64 -2.18519142974422e-06
2787 64 7.82307065004588e-06
2853 64 6.64057334406901e-06
65 65 -2.36744071610729e-05
559 65 -1.98376212452885e-06
564 65 2.87226360568545e-06
589 65 5.93010067677488e-06
752 65 3.12901269370887e-06
1228 65 9.06885893236303e-07
1229 65 3.95360926277435e-06
3592 65 8.86629715342188e-06
66 66 -2.24110555175061e-05
2433 66 -1.92439078340635e-06
2437 66 1.34972009497591e-06
2438 66 5.04638585512326e-06
2462 66 1.52653652695394e-06
2463 66 7.12124117710717e-06
2948 66 -9.72717181334446e-07
2949 66 4.09471225305141e-06
3566 66 6.16956757503522e-06
67 67 -2.31384651186257e-05
1174 67 -2.98862695893196e-07
1175 67 2.86854944673622e-06
1180 67 -8.03616212440868e-07
1181 67 7.01336753589338e-06
2961 67 -1.50508205381541e-06
2963 67 3.55389620720524e-06
2964 67 5.47762193187581e-06
2988 67 6.83259095906449e-06
68 68 -2.36604086723051e-05
787 68 -8.85613849528460e-07
791 68 2.53350957889055e-06
820 68 -2.20103947280618e-06
821 68 3.92772861052545e-06
822 68 2.75027999476436e-06
823 68 6.23949905438382e-06
990 68 -1.19684438601652e-06
992 68 8.12143378016190e-06
1021 68 4.37145536193021e-06
69 69 -2.23983165661157e-05
859 69 2.19605726066628e-06
864 69 -9.37136202281395e-07
865 69 3.41488155072693e-06
866 69 3.79480634250478e-06
2512 69 -2.03187219065183e-06
2513 69 6.73321478340807e-06
3680 69 4.42765385559641e-06
3684 69 4.80071116614643e-06
70 70 -1.93820034940159e-05
701 70 5.75484406746820e-07
707 70 1.86459500655565e-06
708 70 3.52470642133850e-06
1659 70 1.84992242714347e-06
1660 70 1.85107161649728e-06
1661 70 4.58790209497154e-06
4427 70 5.12832152076268e-06
71 71 -2.08701087456062e-05
1499 71 2.42437899557622e-06
1503 71 -2.67121563267902e-06
1504 71 5.29032021004304e-06
2615 71 2.48258245310197e-06
3093 71 5.31397206519569e-06
3725 71 1.63028917845640e-06
3726 71 2.99570295056965e-06
3973 71 3.40407852534223e-06
72 72 -2.81189483605126e-05
3997 72 -1.15435867834119e-06
4001 72 -1.63583144361861e-06
4002 72 7.04005267596588e-06
4032 72 -1.91480967151297e-06
4033 72 6.29770244783352e-06
4182 72 -1.61177407421592e-06
4183 72 8.27869584479250e-06
4237 72 -2.33113604237696e-06
4238 72 7.12330877641013e-06
4319 72 8.02709852557627e-06
73 73 -1.84586474079019e-05
1618 73 2.27681949617148e-06
1619 73 2.44305267356231e-06
1620 73 3.38644552234069e-06
1621 73 2.40249675139668e-06
1622 73 1.80762005372625e-06
4210 73 2.84589945098334e-06
4942 73 3.29631345972116e-06
74 74 -1.81544799544998e-05
3528 74 1.57229754304448e-06
3533 74 2.21309092220883e-06
3534 74 3.65215734629756e-06
3787 74 2.37885830831934e-06
3789 74 2.35607006706532e-06
3790 74 2.75668783223839e-06
4253 74 3.22531793532587e-06
75 75 -2.54913756853603e-05
388 75 -3.33466248497085e-06
389 75 4.54988051004408e-06
396 75 -1.23045926085767e-06
397 75 7.78878320570610e-06
1012 75 -7.29171747024606e-07
1013 75 4.69991619122458e-06
1014 75 2.07319347107035e-06
2765 75 7.26882556339691e-06
3656 75 4.40507023677142e-06
76 76 -1.90304279950618e-05
1753 76 1.99760356883865e-07
1757 76 2.26732102180272e-06
1758 76 2.06557934674393e-06
1759 76 3.70044349922244e-06
1760 76 3.76776586125354e-06
2504 76 3.26535151868061e-06
2505 76 3.76420639047467e-06
77 77 -2.46386367549628e-05
649 77 -1.79984000213644e-06
650 77 4.16686282263384e-06
3675 77 -1.02148340478733e-06
3677 77 7.62203457307012e-06
3709 77 -1.27785674975170e-06
3710 77 6.16413455312446e-06
4376 77 -2.57537987660137e-07
4378 77 5.18343752217031e-06
4393 77 5.85888542829972e-06
78 78 -2.26067350261012e-05
1647 78 -1.11006308344335e-06
1651 78 -4.97344548980316e-07
1652 78 6.19530972739448e-06
1679 78 4.40567644065866e-06
1703 78 -1.24546688550750e-06
1704 78 5.31526831179631e-06
1818 78 3.73513096306003e-06
1819 78 5.80822410112288e-06
79 79 -1.15594580819339e-05
1164 79 -1.37338447815059e-06
1166 79 1.10051973640309e-06
1167 79 1.72668913771926e-06
1168 79 7.58313580160313e-06
1199 79 2.52249788435900e-06
80 80 -1.17758175205363e-05
135 80 -6.84555103394939e-07
137 80 3.50387839522483e-06
171 80 1.92356514936243e-06
3558 80 4.86358590667198e-07
3560 80 6.54657048867673e-06
81 81 -1.20696624604515e-05
3582 81 -5.81765588979110e-07
3585 81 5.81765588979111e-07
3586 81 8.86629715342188e-06
3611 81 1.89256544800438e-06
3931 81 1.31079985902527e-06
82 82 -2.32917907245911e-05
2601 82 -2.73527823876397e-06
2606 82 5.21786069186581e-06
2632 82 -1.49680917728576e-06
2633 82 7.98913962960933e-06
2898 82 3.89314628669519e-06
2902 82 2.14341538117581e-06
2903 82 4.22851827230907e-06
3486 82 4.05179787898566e-06
83 83 -2.24989454166659e-05
3294 83 -1.33221989983876e-06
3295 83 3.79077542880947e-06
3301 83 2.13396018384454e-06
3302 83 4.51565310877473e-06
3520 83 -1.79781497067039e-06
3521 83 6.78219221680649e-06
4605 83 4.65691381195131e-06
4851 83 3.74948553698847e-06
84 84 -2.01307641689362e-05
1299 84 -1.14157947579981e-06
1303 84 2.99931094664166e-06
1332 84 1.64077914070430e-06
1333 84 5.41607681032534e-06
4173 84 1.93910222691016e-06
4175 84 4.75211209906336e-06
4701 84 4.52496242109116e-06
85 85 -2.16747433586807e-05
4022 85 -2.02623069327452e-06
4023 85 4.92944112814928e-06
4118 85 1.05116549922965e-06
4122 85 1.93910222691020e-06
4123 85 3.36864366004449e-06
4164 85 3.22853409797945e-06
4487 85 2.99179902606884e-06
4491 85 6.19228841357331e-06
86 86 -1.80721446801879e-05
1362 86 1.64077914070430e-06
1367 86 2.08747816267558e-06
1368 86 3.40691176689833e-06
1429 86 2.27681949617164e-06
1430 86 2.86390518764006e-06
4052 86 2.61585226628073e-06
4231 86 3.18039865981726e-06
87 87 -1.91638072233624e-05
3771 87 2.37885830831933e-06
3776 87 2.26732102180286e-06
3777 87 3.50726842643195e-06
3960 87 1.63028917845647e-06
3964 87 4.70446018158697e-06
4550 87 4.67561010676487e-06
88 88 -2.33982853266703e-05
3423 88 -1.52226116780663e-06
3428 88 4.09256220709947e-06
3457 88 4.33309806644259e-06
4044 88 -2.81002877933331e-06
4046 88 5.42588104561416e-06
4066 88 5.25308145289560e-06
4292 88 4.56582146217781e-06
4313 88 4.06013103958059e-06
89 89 -2.30938838943060e-05
1598 89 -2.17187415812979e-06
1599 89 3.97949421185595e-06
1603 89 -1.63496511512950e-06
1604 89 4.23284702717127e-06
1605 89 3.28472877942522e-06
1606 89 2.49140154726065e-06
1607 89 4.73425080494357e-06
4755 89 8.17800079690861e-06
90 90 -2.23831809032691e-05
2002 90 -2.62836687374720e-06
2003 90 5.23456927682221e-06
2004 90 2.26755312522928e-06
2010 90 -1.45627520588511e-07
2011 90 5.71004983900623e-06
4078 90 4.98443694081251e-06
4385 90 3.31252333097625e-06
4386 90 3.64804278475832e-06
91 91 -2.47093686005669e-05
3836 91 -1.91951253280785e-06
3837 91 4.34800578401749e-06
4435 91 -1.20991286435663e-06
4436 91 8.25774691792741e-06
4462 91 -1.61901909354266e-06
4463 91 7.24093757347644e-06
4886 91 2.04435127416036e-08
4888 91 5.99267543677894e-06
4904 91 3.59800386633219e-06
92 92 -2.32533263596204e-05
2889 92 -1.36494489153241e-06
2893 92 -2.72567694863347e-06
2894 92 8.31914011247497e-06
2925 92 3.98502479416953e-06
3445 92 5.07587340562501e-06
3448 92 2.81083689863592e-06
4005 92 2.90321043487486e-06
4009 92 4.24986255400598e-06
93 93 -2.73469448499405e-05
2571 93 -2.65076516552954e-06
2572 93 4.71634451227346e-06
2579 93 1.93052501297268e-06
3069 93 -1.76908482365431e-06
3070 93 3.44088900430783e-06
3071 93 7.77358878638949e-06
3733 93 -1.81428447666244e-06
3734 93 6.57907225088643e-06
4544 93 9.14065974895688e-06
94 94 -2.81126753679866e-05
3474 94 -1.56115381371826e-06
3479 94 -1.34458560945363e-06
3480 94 6.95753730215756e-06
3504 94 -1.81237518625017e-06
3505 94 7.44547429740344e-06
3954 94 -1.44629388025060e-06
3956 94 -2.49066705963807e-06
3957 94 8.64142112147594e-06
3979 94 6.19495801504631e-06
4259 94 7.52836018121410e-06
95 95 -1.86526773319942e-05
3181 95 1.68961764870339e-06
3186 95 2.21309092220884e-06
3187 95 2.60620240307502e-06
3188 95 3.56740550101693e-06
4613 95 2.85909884128094e-06
4842 95 2.41463771387456e-06
4843 95 3.30262430183448e-06
96 96 -2.27853079051076e-05
1417 96 -1.83150709369357e-06
1421 96 -1.74361021300974e-06
1422 96 6.43902249434353e-06
1447 96 5.51283266199306e-06
1532 96 2.03428752895375e-06
1533 96 3.12226105380522e-06
4205 96 4.58950966399284e-06
4950 96 4.66251180872246e-06
97 97 -2.81643096149774e-05
1215 97 -2.94916367083189e-06
1220 97 -1.23200619749345e-06
1221 97 8.13477913110003e-06
1248 97 -1.34683020123086e-06
1249 97 7.70591582714412e-06
4110 97 -1.24272658318601e-06
4112 97 -1.96339478230750e-06
4113 97 6.57476502553799e-06
4141 97 6.64778366161530e-06
4707 97 7.83518740462970e-06
98 98 -2.51854410057971e-05
3698 98 -1.88387687807621e-06
3699 98 5.14922839675688e-06
3700 98 2.39578166494462e-06
3763 98 -2.26704955700060e-06
3765 98 7.65819486150872e-06
3797 98 -1.93210739886280e-06
3798 98 6.95584478810204e-06
4402 98 5.24463072983898e-06
4404 98 3.86479439858543e-06
99 99 -2.57432483005974e-05
3282 99 -9.75666073353331e-07
3287 99 -2.59767849235587e-06
3288 99 8.08899767448360e-06
3326 99 -1.14720500808703e-06
3327 99 5.49983419763994e-06
3874 99 -1.39910466595045e-06
3875 99 4.78555018829118e-06
3879 99 6.37638934371400e-06
4286 99 7.11213113621534e-06
100 100 -2.17408990050769e-05
3865 100 -2.60822008817821e-06
3869 100 2.13396018384450e-06
3870 100 6.38693093953620e-06
3894 100 5.01071683957478e-06
4762 100 1.51381167802060e-06
4763 100 4.37116152364934e-06
5008 100 4.93253792862967e-06
101 101 -1.82261166001463e-05
1914 101 2.19407182255576e-06
1919 101 9.14662099838868e-07
3134 101 1.51381167802069e-06
3135 101 2.27776364242169e-06
3136 101 3.09742047353009e-06
4669 101 2.59788191204195e-06
4673 101 2.34622146897869e-06
5151 101 3.28428350275855e-06
102 102 -2.35404016236092e-05
3385 102 1.84992242714344e-06
3390 102 -2.31013306128355e-06
3391 102 6.39418653372617e-06
4452 102 -2.31081262016635e-06
4453 102 4.66291145368081e-06
4454 102 4.41200561557682e-06
4922 102 4.80153460854419e-06
4926 102 6.04078666638770e-06
103 103 -1.92636072648711e-05
459 103 2.03428752895377e-06
460 103 2.42345211677512e-06
466 103 4.87494714638580e-08
467 103 4.65879631385795e-06
4895 103 3.35212314432814e-06
4896 103 2.35209883351452e-06
4897 103 4.39409985597779e-06
104 104 -1.08436314170977e-05
4480 104 8.59604415273288e-07
4483 104 -8.59604415273288e-07
4484 104 6.19228841357323e-06
4507 104 1.89571009969047e-06
4983 104 2.75563290383399e-06
105 105 -2.58653890709369e-05
4830 105 -9.63808834185823e-07
4834 105 -1.61820684761344e-06
4835 105 5.88463998363349e-06
4858 105 -1.67024187533310e-06
4859 105 6.38353624650738e-06
5014 105 -1.39265824091174e-06
5015 105 7.99543804487450e-06
5034 105 3.67042188333359e-06
5117 105 7.57626871063204e-06
106 106 -2.55118537532347e-05
1587 106 -9.89806909469382e-07
1592 106 -2.48818482923445e-06
1593 106 8.21224254364709e-06
1631 106 -9.45276063093527e-07
1632 106 5.23139643228383e-06
4916 106 -1.31341268750107e-06
4917 106 4.66553583182934e-06
4918 106 6.21815887545582e-06
4956 106 6.92120055931708e-06
107 107 -2.37101711972957e-05
3373 107 -2.48993198992988e-06
3376 107 -1.45346885482237e-06
3377 107 4.73819763424757e-06
3378 107 6.57398546237259e-06
3406 107 4.34100360642758e-06
4646 107 3.23778641407976e-06
4666 107 3.79969032380112e-06
5082 107 4.96290860111930e-06
108 108 -2.67827820120003e-05
3121 108 -2.39663618138288e-06
3126 108 -1.24091459459665e-06
3127 108 6.73497124950969e-06
3153 108 -2.22836925112541e-06
3154 108 8.03705425705464e-06
4367 108 -6.38560713268923e-07
4368 108 8.26306236105117e-06
4878 108 3.05319842714346e-06
5111 108 7.19897645761523e-06
109 109 -2.59364496451191e-05
1809 109 -2.52199918367175e-06
1810 109 4.86233580177865e-06
1872 109 3.71091862508176e-07
1873 109 7.94881554704332e-06
5073 109 -1.97363499682826e-06
5075 109 -8.63713163647617e-07
5076 109 7.80025676159505e-06
5089 109 6.53639221244358e-06
5157 109 3.77690480389794e-06
110 110 -2.17089408725472e-05
123 110 -6.84555103394939e-07
130 110 9.02635641492818e-07
131 110 4.51229529030581e-06
152 110 9.02635641492818e-07
156 110 6.32320168705483e-06
2403 110 -1.12071617959070e-06
2407 110 4.94845636650157e-06
2417 110 5.92498752868498e-06
111 111 -1.08354969773606e-05
119 111 6.84555103394965e-07
126 111 -6.84555103394939e-07
127 111 4.51229529030583e-06
138 111 2.81932329182990e-06
144 111 3.50387839522483e-06
112 112 -2.18543712441690e-05
150 112 -6.84555103394939e-07
154 112 6.84555103394939e-07
155 112 6.32320168705483e-06
165 112 1.92356514936247e-06
168 112 1.23901004596751e-06
3911 112 1.34972009497583e-06
3914 112 4.82488203000925e-06
3920 112 6.19399223679908e-06
113 113 -2.16709939547213e-05
119 113 6.84555103394965e-07
123 113 -6.84555103394965e-07
124 113 6.32320168705476e-06
135 113 -6.84555103394965e-07
136 113 4.51229529030583e-06
154 113 6.84555103394938e-07
166 113 6.32320168705485e-06
172 113 4.51229529030586e-06
114 114 -2.21214630749320e-05
2346 114 -1.73640374463891e-06
2352 114 1.42855996211483e-06
2353 114 6.43293441530816e-06
2364 114 1.42855996211483e-06
2367 114 4.83117555077295e-06
2373 114 -1.12071617959070e-06
2377 114 5.81724685025995e-06
2390 114 5.04010625859093e-06
115 115 -2.17307970040374e-05
2386 115 -1.12071617959070e-06
2388 115 1.12071617959072e-06
2389 115 5.04010625859090e-06
2395 115 1.12071617959070e-06
2396 115 5.38285160838076e-06
2398 115 -1.12071617959072e-06
2399 115 5.38285160838076e-06
2416 115 5.92498752868500e-06
116 116 -2.17089408725471e-05
126 116 -6.84555103394965e-07
130 116 9.02635641492818e-07
142 116 9.02635641492844e-07
143 116 4.51229529030583e-06
146 116 6.32320168705485e-06
2398 116 -1.12071617959070e-06
2415 116 4.94845636650159e-06
2418 116 5.92498752868488e-06
117 117 -2.16709939547212e-05
119 117 -6.84555103394965e-07
123 117 6.84555103394965e-07
124 117 6.32320168705476e-06
126 117 6.84555103394965e-07
127 117 4.51229529030583e-06
130 117 -6.84555103394939e-07
131 117 4.51229529030581e-06
146 117 6.32320168705479e-06
118 118 -1.08354969773607e-05
119 118 -6.84555103394939e-07
135 118 6.84555103394913e-07
136 118 4.51229529030583e-06
137 118 2.81932329182995e-06
138 118 3.50387839522490e-06
111 119 6.84555103394965e-07
113 119 6.84555103394965e-07
117 119 -6.84555103394965e-07
118 119 -6.84555103394939e-07
119 119 -2.16709939547212e-05
124 119 4.51229529030586e-06
127 119 6.32320168705475e-06
136 119 6.32320168705472e-06
138 119 4.51229529030583e-06
120 120 -1.08910165385335e-05
2402 120 1.12071617959070e-06
2405 120 -1.12071617959070e-06
2406 120 4.94845636650159e-06
2410 120 2.39774251371040e-06
2412 120 3.51845869330105e-06
121 121 -2.17089408725472e-05
150 121 -6.84555103394965e-07
152 121 9.02635641492818e-07
153 121 4.51229529030586e-06
158 121 9.02635641492844e-07
159 121 6.32320168705475e-06
2405 121 -1.12071617959072e-06
2411 121 4.94845636650159e-06
2414 121 5.92498752868500e-06
122 122 -2.16709939547212e-05
123 122 6.84555103394965e-07
150 122 6.84555103394965e-07
152 122 -6.84555103394965e-07
153 122 4.51229529030586e-06
154 122 -6.84555103394965e-07
155 122 6.32320168705476e-06
156 122 6.32320168705475e-06
172 122 4.51229529030586e-06
110 123 -6.84555103394939e-07
113 123 -6.84555103394965e-07
117 123 6.84555103394965e-07
122 123 6.84555103394965e-07
123 123 -2.16709939547212e-05
124 123 4.51229529030586e-06
131 123 6.32320168705472e-06
156 123 4.51229529030584e-06
172 123 6.32320168705475e-06
113 124 6.32320168705476e-06
117 124 6.32320168705476e-06
119 124 4.51229529030586e-06
123 124 4.51229529030586e-06
124 124 -2.16709939547212e-05
125 125 -1.08354969773607e-05
126 125 6.84555103394913e-07
142 125 -6.84555103394939e-07
143 125 4.51229529030583e-06
144 125 2.81932329182995e-06
145 125 3.50387839522490e-06
111 126 -6.84555103394939e-07
116 126 -6.84555103394965e-07
117 126 6.84555103394965e-07
125 126 6.84555103394913e-07
126 126 -2.16709939547213e-05
127 126 6.32320168705483e-06
143 126 6.32320168705485e-06
144 126 4.51229529030583e-06
146 126 4.51229529030581e-06
111 127 4.51229529030583e-06
117 127 4.51229529030583e-06
119 127 6.32320168705475e-06
126 127 6.32320168705483e-06
127 127 -2.16709939547213e-05
128 128 -2.17468877903731e-05
2393 128 -1.12071617959070e-06
2395 128 1.12071617959070e-06
2402 128 1.12071617959070e-06
2403 128 -1.12071617959070e-06
2404 128 5.92498752868498e-06
2408 128 4.94845636650157e-06
2419 128 5.92498752868498e-06
2420 128 4.94845636650157e-06
129 129 -2.17468877903731e-05
130 129 -1.12071617959072e-06
2395 129 -1.12071617959070e-06
2398 129 1.12071617959072e-06
2403 129 1.12071617959072e-06
2415 129 4.94845636650159e-06
2416 129 5.92498752868494e-06
2417 129 5.92498752868492e-06
2420 129 4.94845636650157e-06
110 130 9.02635641492818e-07
116 130 9.02635641492818e-07
117 130 -6.84555103394939e-07
129 130 -1.12071617959072e-06
130 130 -2.17089408725472e-05
131 130 6.32320168705492e-06
146 130 4.51229529030581e-06
2415 130 5.92498752868492e-06
2417 130 4.94845636650159e-06
110 131 4.51229529030581e-06
117 131 4.51229529030581e-06
123 131 6.32320168705472e-06
130 131 6.32320168705492e-06
131 131 -2.16709939547213e-05
132 132 -1.09700249432805e-05
3544 132 -9.72717181334448e-07
3547 132 4.86358590667198e-07
3548 132 6.52214582691279e-06
3553 132 4.86358590667186e-07
3557 132 4.44787911636782e-06
133 133 -2.19888992100888e-05
3552 133 -9.72717181334384e-07
3555 133 9.72717181334436e-07
3556 133 4.44787911636777e-06
3561 133 1.34972009497583e-06
3562 133 6.16956757503515e-06
3564 133 -1.34972009497583e-06
3565 133 6.54657048867655e-06
3913 133 4.82488203000925e-06
134 134 -2.18543712441690e-05
135 134 6.84555103394965e-07
154 134 -6.84555103394939e-07
166 134 6.32320168705479e-06
168 134 1.92356514936240e-06
171 134 1.23901004596747e-06
3561 134 1.34972009497591e-06
3916 134 4.82488203000923e-06
3917 134 6.19399223679916e-06
80 135 -6.84555103394939e-07
113 135 -6.84555103394965e-07
118 135 6.84555103394913e-07
134 135 6.84555103394965e-07
135 135 -2.16709939547213e-05
136 135 6.32320168705485e-06
137 135 4.51229529030583e-06
166 135 4.51229529030581e-06
171 135 6.32320168705483e-06
113 136 4.51229529030583e-06
118 136 4.51229529030583e-06
119 136 6.32320168705472e-06
135 136 6.32320168705485e-06
136 136 -2.16709939547212e-05
80 137 3.50387839522483e-06
118 137 2.81932329182995e-06
135 137 4.51229529030583e-06
137 137 -1.08354969773606e-05
111 138 2.81932329182990e-06
118 138 3.50387839522490e-06
119 138 4.51229529030583e-06
138 138 -1.08354969773606e-05
139 139 -1.08573531088509e-05
2372 139 1.12071617959070e-06
2375 139 -1.12071617959070e-06
2376 139 5.81724685025992e-06
2381 139 1.95969503950014e-06
2383 139 3.08041121909079e-06
140 140 -2.17147062177017e-05
2372 140 1.12071617959072e-06
2373 140 -1.12071617959070e-06
2374 140 5.04010625859090e-06
2378 140 -1.12071617959072e-06
2379 140 5.81724685025992e-06
2388 140 1.12071617959070e-06
2397 140 5.04010625859100e-06
2401 140 5.81724685025992e-06
141 141 -2.17307970040374e-05
142 141 -1.12071617959070e-06
2378 141 1.12071617959070e-06
2388 141 -1.12071617959067e-06
2397 141 5.04010625859090e-06
2398 141 1.12071617959067e-06
2399 141 5.38285160838076e-06
2400 141 5.38285160838076e-06
2418 141 5.92498752868500e-06
54 142 9.02635641492844e-07
116 142 9.02635641492844e-07
125 142 -6.84555103394939e-07
141 142 -1.12071617959070e-06
142 142 -2.17089408725471e-05
143 142 6.32320168705472e-06
145 142 4.51229529030583e-06
2400 142 5.92498752868488e-06
2418 142 4.94845636650159e-06
116 143 4.51229529030583e-06
125 143 4.51229529030583e-06
126 143 6.32320168705485e-06
142 143 6.32320168705472e-06
143 143 -2.16709939547212e-05
111 144 3.50387839522483e-06
125 144 2.81932329182995e-06
126 144 4.51229529030583e-06
144 144 -1.08354969773606e-05
54 145 2.81932329182990e-06
125 145 3.50387839522490e-06
142 145 4.51229529030583e-06
145 145 -1.08354969773606e-05
116 146 6.32320168705485e-06
117 146 6.32320168705479e-06
126 146 4.51229529030581e-06
130 146 4.51229529030581e-06
146 146 -2.16709939547213e-05
147 147 -1.14753994957833e-05
2426 147 -1.92439078340634e-06
2430 147 9.58815997016457e-07
2431 147 6.76866292522961e-06
2448 147 9.58815997016457e-07
2452 147 4.69321899180685e-06
148 148 -2.24807561838448e-05
2424 148 1.92439078340634e-06
2428 148 -1.92439078340634e-06
2429 148 6.76866292522961e-06
2439 148 -1.34972009497591e-06
2440 148 4.47171516669282e-06
2443 148 1.34972009497590e-06
2444 148 5.04638585512326e-06
3919 148 6.19399223679915e-06
149 149 -2.18543712441690e-05
150 149 6.84555103394965e-07
158 149 -6.84555103394965e-07
159 149 6.32320168705476e-06
162 149 1.92356514936246e-06
165 149 1.23901004596749e-06
2443 149 1.34972009497590e-06
3918 149 4.82488203000922e-06
3921 149 6.19399223679916e-06
112 150 -6.84555103394939e-07
121 150 -6.84555103394965e-07
122 150 6.84555103394965e-07
149 150 6.84555103394965e-07
150 150 -2.16709939547212e-05
153 150 6.32320168705476e-06
155 150 4.51229529030583e-06
159 150 4.51229529030586e-06
165 150 6.32320168705472e-06
151 151 -2.17468877903731e-05
152 151 -1.12071617959070e-06
2402 151 -1.12071617959072e-06
2403 151 1.12071617959072e-06
2404 151 5.92498752868492e-06
2405 151 1.12071617959072e-06
2406 151 4.94845636650159e-06
2407 151 4.94845636650157e-06
2414 151 5.92498752868494e-06
110 152 9.02635641492818e-07
121 152 9.02635641492818e-07
122 152 -6.84555103394965e-07
151 152 -1.12071617959070e-06
152 152 -2.17089408725472e-05
153 152 6.32320168705476e-06
156 152 4.51229529030583e-06
2407 152 5.92498752868506e-06
2414 152 4.94845636650157e-06
121 153 4.51229529030586e-06
122 153 4.51229529030586e-06
150 153 6.32320168705476e-06
152 153 6.32320168705476e-06
153 153 -2.16709939547212e-05
112 154 6.84555103394939e-07
113 154 6.84555103394938e-07
122 154 -6.84555103394965e-07
134 154 -6.84555103394939e-07
154 154 -2.16709939547213e-05
155 154 4.51229529030584e-06
166 154 4.51229529030581e-06
168 154 6.32320168705492e-06
172 154 6.32320168705476e-06
112 155 6.32320168705483e-06
122 155 6.32320168705476e-06
150 155 4.51229529030583e-06
154 155 4.51229529030584e-06
155 155 -2.16709939547213e-05
110 156 6.32320168705483e-06
122 156 6.32320168705475e-06
123 156 4.51229529030584e-06
152 156 4.51229529030583e-06
156 156 -2.16709939547213e-05
157 157 -1.08910165385335e-05
158 157 -1.12071617959070e-06
2405 157 1.12071617959067e-06
2411 157 4.94845636650159e-06
2412 157 2.39774251371040e-06
2413 157 3.51845869330111e-06
46 158 9.02635641492844e-07
121 158 9.02635641492844e-07
149 158 -6.84555103394965e-07
157 158 -1.12071617959070e-06
158 158 -2.17089408725471e-05
159 158 4.51229529030586e-06
162 158 6.32320168705475e-06
2411 158 5.92498752868488e-06
2413 158 4.94845636650159e-06
121 159 6.32320168705475e-06
149 159 6.32320168705476e-06
150 159 4.51229529030586e-06
158 159 4.51229529030586e-06
159 159 -2.16709939547212e-05
160 160 -1.14753994957832e-05
2428 160 -1.92439078340625e-06
2430 160 9.58815997016411e-07
2441 160 9.58815997016411e-07
2442 160 6.76866292522951e-06
2446 160 4.69321899180686e-06
161 161 -2.24807561838448e-05
162 161 1.34972009497591e-06
2428 161 1.92439078340635e-06
2441 161 -1.92439078340634e-06
2442 161 6.76866292522959e-06
2443 161 -1.34972009497590e-06
2444 161 4.47171516669281e-06
2445 161 5.04638585512325e-06
3921 161 6.19399223679915e-06
46 162 1.23901004596750e-06
149 162 1.92356514936246e-06
158 162 6.32320168705475e-06
161 162 1.34972009497591e-06
162 162 -2.18543712441690e-05
2445 162 6.19399223679915e-06
3921 162 4.82488203000922e-06
163 163 -2.20377485336168e-05
2437 163 1.34972009497591e-06
2439 163 -1.34972009497591e-06
3564 163 -1.34972009497590e-06
3911 163 1.34972009497591e-06
3912 163 6.19399223679916e-06
3915 163 4.82488203000923e-06
3922 163 6.19399223679915e-06
3923 163 4.82488203000922e-06
164 164 -2.20377485336168e-05
165 164 1.34972009497590e-06
2439 164 1.34972009497590e-06
2443 164 -1.34972009497591e-06
3911 164 -1.34972009497591e-06
3918 164 4.82488203000923e-06
3919 164 6.19399223679916e-06
3920 164 6.19399223679916e-06
3923 164 4.82488203000923e-06
112 165 1.92356514936247e-06
149 165 1.23901004596749e-06
150 165 6.32320168705472e-06
164 165 1.34972009497590e-06
165 165 -2.18543712441690e-05
3918 165 6.19399223679916e-06
3920 165 4.82488203000921e-06
113 166 6.32320168705485e-06
134 166 6.32320168705479e-06
135 166 4.51229529030581e-06
154 166 4.51229529030581e-06
166 166 -2.16709939547213e-05
167 167 -2.20377485336167e-05
168 167 1.34972009497583e-06
3561 167 -1.34972009497583e-06
3564 167 1.34972009497583e-06
3911 167 -1.34972009497582e-06
3912 167 6.19399223679908e-06
3913 167 4.82488203000925e-06
3914 167 4.82488203000925e-06
3917 167 6.19399223679908e-06
112 168 1.23901004596751e-06
134 168 1.92356514936240e-06
154 168 6.32320168705492e-06
167 168 1.34972009497583e-06
168 168 -2.18543712441690e-05
3914 168 6.19399223679908e-06
3917 168 4.82488203000928e-06
169 169 -1.09700249432804e-05
3552 169 -9.72717181334384e-07
3553 169 4.86358590667212e-07
3554 169 6.52214582691261e-06
3558 169 4.86358590667224e-07
3559 169 4.44787911636777e-06
170 170 -2.19888992100889e-05
171 170 1.34972009497591e-06
3552 170 9.72717181334397e-07
3558 170 -9.72717181334396e-07
3559 170 4.44787911636772e-06
3560 170 6.16956757503522e-06
3561 170 -1.34972009497590e-06
3562 170 6.54657048867673e-06
3916 170 4.82488203000923e-06
80 171 1.92356514936243e-06
134 171 1.23901004596747e-06
135 171 6.32320168705483e-06
170 171 1.34972009497591e-06
171 171 -2.18543712441690e-05
3560 171 4.82488203000923e-06
3916 171 6.19399223679915e-06
113 172 4.51229529030586e-06
122 172 4.51229529030586e-06
123 172 6.32320168705475e-06
154 172 6.32320168705476e-06
172 172 -2.16709939547212e-05
173 173 -1.08141579306319e-05
944 173 -7.75244143958473e-07
947 173 3.79783673912022e-07
948 173 6.02597002571551e-06
955 173 3.79783673912022e-07
959 173 4.75683431264752e-06
174 174 -2.25732278555001e-05
190 174 -2.08335744888030e-06
196 174 -7.75244143958487e-07
197 174 3.80771795274317e-06
198 174 7.42805418882442e-06
217 174 7.75244143958473e-07
218 174 3.03247380878467e-06
222 174 4.36236932831267e-06
946 174 6.02597002571553e-06
175 175 -1.18154269618518e-05
184 175 2.08335744888028e-06
193 175 -2.08335744888028e-06
194 175 7.42805418882443e-06
205 175 1.13325507853753e-06
209 175 3.21661252741780e-06
176 176 -1.17358854062153e-05
1111 176 -2.48731618981569e-06
1114 176 1.23722329265453e-06
1115 176 5.67730454324042e-06
1120 176 1.23722329265454e-06
1124 176 6.03284165396161e-06
177 177 -2.27003952774869e-05
1119 177 -2.48731618981569e-06
1122 177 2.48731618981571e-06
1123 177 6.03284165396161e-06
1126 177 4.78102277560232e-06
1129 177 2.29370658578662e-06
2241 177 -1.39742481814853e-06
2245 177 5.91945941583726e-06
2262 177 5.07078966444760e-06
178 178 -2.27806725974220e-05
216 178 -2.08335744888028e-06
220 178 2.08335744888028e-06
221 178 4.36236932831267e-06
228 178 1.39742481814853e-06
229 178 7.01672311769671e-06
232 178 -1.39742481814854e-06
233 178 6.33079048696496e-06
2261 178 5.07078966444760e-06
179 179 -2.35808470342742e-05
184 179 2.08335744888028e-06
190 179 -2.08335744888030e-06
191 179 4.36236932831269e-06
202 179 -2.08335744888030e-06
203 179 7.42805418882443e-06
220 179 2.08335744888028e-06
231 179 4.36236932831269e-06
237 179 7.42805418882443e-06
180 180 -1.08141579306319e-05
196 180 -7.75244143958474e-07
206 180 3.79783673912023e-07
947 180 3.79783673912024e-07
950 180 6.02597002571552e-06
951 180 4.75683431264753e-06
181 181 -2.25732278555001e-05
193 181 -2.08335744888028e-06
196 181 7.75244143958487e-07
197 181 3.03247380878466e-06
206 181 -7.75244143958474e-07
207 181 3.80771795274314e-06
208 181 7.42805418882443e-06
211 181 4.36236932831266e-06
950 181 6.02597002571552e-06
182 182 -2.35808470342742e-05
184 182 -2.08335744888028e-06
190 182 2.08335744888030e-06
191 182 4.36236932831267e-06
193 182 2.08335744888028e-06
194 182 7.42805418882443e-06
197 182 -2.08335744888028e-06
198 182 7.42805418882441e-06
211 182 4.36236932831266e-06
183 183 -1.18154269618518e-05
184 183 -2.08335744888028e-06
202 183 2.08335744888028e-06
203 183 7.42805418882443e-06
204 183 1.13325507853752e-06
205 183 3.21661252741781e-06
175 184 2.08335744888028e-06
179 184 2.08335744888028e-06
182 184 -2.08335744888028e-06
183 184 -2.08335744888028e-06
184 184 -2.35808470342742e-05
191 184 7.42805418882441e-06
194 184 4.36236932831267e-06
203 184 4.36236932831267e-06
205 184 7.42805418882441e-06
185 185 -1.09518999797343e-05
2802 185 -1.30595751163401e-06
